-2.881836056448952021e-01
-6.302921394937459620e-01
-5.547197681579156825e-01
-9.070163056306184135e-01
5.172654668463139149e-02
-8.839628715352942923e-02
8.493271218593929639e-01
-2.088946687808681535e-01
4.027120632718106386e-01
9.741356697342173909e-02
-4.579747178571141886e-01
4.344422585203289167e-01
-4.450490005431106955e-01
2.038898953304910389e-01
5.094449551990714031e-01
-2.427432007916838774e-01
-7.350467982993860172e-01
7.247722546862886972e-01
-7.413383716411307001e-01
7.633800544418045675e-02
-3.528751456417219545e-01
4.953289041173847274e-01
-8.354999868147099384e-01
-4.405172990862060711e-02
5.757203693831303148e-01
-4.171926629313249535e-01
3.376322086134453393e-02
-7.756486260848771686e-02
3.560582971059833568e-01
-5.064374526163184509e-01
2.870895761574705496e-01
7.109153257785942870e-01
6.123002987145991227e-01
-2.991596455931089804e-01
-3.167267742025287047e-01
-8.800572021514789789e-01
-1.018513340992943661e-02
4.938816098897849116e-01
3.422433655688903453e-01
4.833201933010842222e-01
3.504912658304573103e-01
7.322687928783653266e-01
2.642611258522609141e-02
2.185701606757057269e-01
9.384110519427586450e-01
-2.671801818837084008e-01
-4.757059022373093526e-01
3.176037238149265196e-02
2.512553934968508873e-01
-4.044172490423345590e-01
-2.238992963170191586e-03
-3.180192298313730959e-01
9.080343282310643360e-02
9.540272494307011630e-02
-9.747072092869344395e-01
3.888474142464795058e-01
-8.467454797867133287e-01
3.784793004001829608e-02
-2.352541190109735947e-02
-1.907662873420437055e-01
-8.609356711407630813e-01
4.924516880994034285e-01
9.967486918341882385e-01
-6.336165813552985249e-01
3.614301533858342852e-01
-6.452631255866138060e-01
-3.308223697894672188e-01
4.732279018237635082e-01
-8.864454186446476536e-01
6.169776799601986994e-01
-2.318922125653426480e-01
8.724075329665087475e-01
-2.747093481952411209e-01
-3.321315156361511201e-01
4.337218230048944800e-01
9.709767433648885948e-01
-5.101869836213733800e-01
3.009341713859797762e-01
8.267953256222486669e-01
8.297632162007100298e-01
3.538263790053322588e-01
-7.191120081821751331e-01
7.603273090474846896e-01
9.273702324173677125e-01
-3.898258670731175601e-01
2.271516264370079252e-01
-2.138033804671438387e-01
-5.087329092420711518e-02
-1.685097498335976773e-01
9.775636374865636080e-01
-1.814706054057940721e-01
2.139219412093646411e-01
2.193422542650324547e-01
-5.785604272050093311e-01
-3.473463234233860053e-01
-8.002561702089954210e-01
-4.485451826707461676e-01
-3.935261102549211798e-01
6.347663394955269656e-01
-3.725189828524946289e-01
9.665699064630495219e-01
3.302254174637463957e-01
5.913053258658476086e-01
-3.417536248293697732e-01
-4.716734639870554524e-01
6.033597386683789976e-01
-7.686461333110551353e-01
1.704673088484631727e-02
-3.869669238642020059e-01
4.838167524937952435e-01
-8.951498375366704341e-01
-4.977550396410005407e-01
-2.594938149166272634e-01
-9.298302620119724970e-01
6.763242254138983611e-01
9.566562442846358039e-01
-7.929756847340191372e-01
-6.928763514498107456e-01
-2.359963786208911785e-01
1.466414685596320044e-01
8.260291228265010943e-01
7.874615402291322841e-01
-3.695392987643102423e-01
-6.492191676213446838e-01
-5.076194689317128361e-01
9.760983478363594035e-02
1.690355218087766787e-01
2.429228147729002307e-01
-4.514384558836721517e-01
-4.187803400846215052e-01
9.557498537079964773e-01
-8.353392706274980206e-01
-2.338556191499452375e-02
9.502509460726098478e-01
-3.211934987859543789e-04
-5.766112788244577292e-01
-3.212802156483363092e-01
4.490558119190113384e-01
7.860463464179021642e-01
-4.650620085744749388e-01
-8.495823123481307526e-01
2.819327855902572511e-01
-6.140499399527413749e-01
8.908096486194334584e-01
-7.653390091694088904e-01
-5.963349464098908204e-01
3.170492017942372343e-02
8.232761756574289436e-01
-6.708154688504894825e-01
5.173757341021019140e-01
9.475412893778329959e-01
7.260379996234072042e-01
4.949215654649084528e-01
3.434169393018089433e-01
5.401507154375038144e-01
-3.229032814645916294e-01
-5.627264899869725001e-01
-8.208582697758641800e-01
-8.018521570446055513e-01
-9.105298743077947510e-01
9.123253764672148436e-02
-8.308878536174937324e-01
7.326583474125958340e-01
9.154415136580906776e-01
7.888200929075371848e-01
1.203158867293996348e-02
1.258952864057631404e-01
7.827544937169759187e-01
3.643713031460322771e-01
7.730927673564387259e-01
3.634208549863246485e-01
6.921739683871902526e-01
-7.493639870379493750e-01
-2.070054630951121410e-01
4.198957105303104953e-01
-3.169680127999250918e-01
4.289748339960265389e-01
-2.418662733605323467e-01
9.192782252652598185e-01
3.199472468194004549e-01
-7.899433907628422569e-02
-3.125502483694786449e-02
7.533839913093931528e-01
6.688296252282346366e-01
9.082686531148855824e-01
3.225576636076391002e-01
9.582355591426172658e-02
1.081178059723875151e-01
-1.156404234897927541e-01
4.789709950679453820e-01
2.387383555689051029e-01
-1.902312500346497459e-01
3.097773213386618707e-01
-8.828496694297236491e-01
-9.799985507663711015e-02
2.349947524613531513e-01
-8.059226146087561382e-02
5.909700120526990563e-01
9.862209162038457766e-01
1.376316532523357838e-01
-4.250920068209596003e-02
6.225258619336493382e-01
-6.469029700865003285e-01
-9.402018527939828285e-01
-8.333282280398015551e-01
-2.436520601422271781e-01
-3.735825914402867154e-01
-2.318365170101650830e-01
-9.001540807498753516e-01
5.584900581457576951e-01
-4.747779649965439552e-01
8.128019104511527426e-02
6.476921923620252430e-01
9.633950555906660718e-01
3.893464691921943999e-02
5.492408349056365768e-02
-8.554443361854255912e-01
-6.432418520055334099e-01
3.093871950559224926e-01
-7.619008676740964825e-01
-9.548162566942186569e-01
4.621655704462015457e-01
7.379372978178282416e-01
8.475902915127682125e-01
-3.042274080859452834e-01
-6.788429526630965771e-01
4.517528317397550008e-01
-3.462881448422707731e-01
-9.547642107893461461e-02
9.470097184820411851e-01
7.328812306429162149e-01
-3.515110432840531929e-01
7.346275837121174490e-02
8.943654732036856458e-01
3.725471570822502798e-01
5.296301316298723805e-02
5.120803932296786876e-01
-4.342932782648553092e-01
1.959938818510895686e-01
8.567973716891391645e-02
2.291709646277521051e-01
-8.566551865268052790e-01
3.608899923220132422e-02
9.551702898858612789e-01
6.894123178107949279e-01
-5.228419727157618269e-01
-8.708075713667620121e-01
5.988011340047996178e-01
-3.337490582368207725e-03
7.639371775823242672e-01
9.191193813565268211e-01
4.654587210159623623e-01
7.934628703777820702e-01
-7.804918218575522815e-01
-8.662702392651926431e-01
9.422592454379152827e-03
4.375090728340966795e-01
-3.576248901871166286e-01
4.928318984341497622e-01
9.950513112323982057e-01
2.197549714606661375e-02
-9.361911026835386673e-01
6.468957383917797177e-01
6.447588049190788873e-02
1.715715120457050880e-02
