&average_mean: [-4.9905155 -0.7034895  4.40576    7.9009165  9.5233795 11.2880635
 12.0510385 12.6909805 13.5203955 14.1386885 14.7157355 14.9276665
 15.6328315 15.575058  15.671332 ]
&average_maximum: [19.35683   32.042271  32.0397085 35.307556  34.692702  32.5084475
 30.471254  32.60179   30.0329875 33.979834  34.8634745 33.1970345
 41.5529395 33.726793  32.1153515]
&std_mean: [0.4552855 0.0292295 0.452791  0.2107605 0.6717095 0.5238745 0.4716225
 0.4943565 0.4131235 0.0114105 0.3721685 0.5043345 0.3413075 1.006255
 0.96879  ]
&std_maximum: [0.824322  4.679146  4.6817085 7.943396  8.554713  4.2129695 4.333265
 7.081031  4.7715315 1.273206  0.0589555 1.6729595 1.4687415 1.143201
 0.5912765]