-5.621438560856721889e-01
2.258399643784758659e-01
-8.530549857729322616e-01
-9.582661606583340319e-01
-1.106703130872346286e-01
9.924860199255869375e-02
-5.081556451336930458e-01
8.637180856784363314e-01
7.440127496382142880e-02
1.510170465252038685e-01
-8.065871196686251743e-01
3.376797730294211486e-01
3.771379482813277950e-01
-1.971888572805994277e-01
5.492141059620777588e-01
3.104098813743085827e-01
-6.795441732193606699e-01
3.020181850700668913e-01
-9.665815548999637796e-01
8.222862207699410675e-03
4.810157884319898325e-01
-5.327974079026143173e-01
-2.539889912925705762e-01
-2.920219051441352853e-01
4.344224371916809435e-01
-8.071688784447461629e-01
5.766531931278171541e-01
-1.439183997019504724e-01
9.077935760187217928e-01
7.841689628309665983e-01
6.068672037659921248e-01
-1.321103837810216342e-01
-1.298300099680768094e-01
1.590280631333348960e-01
-7.228369559826616220e-01
7.996151940024951443e-01
-1.983171912754154720e-01
-9.878520856378941728e-01
-1.590107604365224858e-01
3.999052084963939935e-01
8.347698563928086513e-01
5.081008342779973486e-01
-9.411254052892926714e-01
2.559173323774865949e-03
1.772251126260344645e-01
5.794785545065288535e-01
5.760367976729192652e-01
-3.426173097191381745e-01
-9.544636975465989881e-01
3.077541765636302440e-01
-4.445818265171375128e-01
7.068713492769562734e-01
3.693645799540390406e-01
-3.633089370497331050e-01
-6.392556515400873440e-01
-9.292392249828673734e-01
2.596125386732495710e-01
4.936203835583974353e-02
-7.601999520953781619e-01
-7.283587562003674964e-01
-1.190162795991553529e-01
8.184276359237629972e-01
-4.232476846591888275e-01
1.928412166705005260e-01
-2.382993765613569126e-01
6.518385314132735253e-01
5.363162297056927041e-01
-4.140475797004942171e-01
-5.365720353612066784e-01
7.915956765404958961e-01
5.668020422210516829e-01
-8.231728568918399436e-01
1.547300953863580686e-01
-4.152427068221175022e-01
-1.663166908648750775e-01
5.015434069048846366e-01
8.811150645504455259e-01
8.738171851936941126e-01
-8.702389387880993254e-02
4.616192427325214176e-01
3.725741240878366334e-02
-5.360691238141668258e-02
2.502706641547960409e-01
3.652763282855305826e-01
5.533328538726884904e-01
2.267776328100126193e-01
-1.066084289531148699e-01
4.351098259648419342e-01
2.452191699655838220e-01
8.894628523291125965e-02
-4.905636591234081578e-01
5.612672811916893378e-01
3.740984463433199569e-01
6.300078342458477199e-01
-8.963744542288862860e-01
-7.917408575670348281e-01
3.139810579850514927e-01
-6.011596528584586263e-01
4.297057457707723072e-01
9.052279988453644233e-01
8.408136500756974163e-01
-1.500579111009783251e-01
5.588615517021700008e-01
4.064067844866845469e-01
-1.492496812968767683e-01
-7.627406895989872204e-01
7.676484879782752291e-01
2.093179816110010139e-01
4.061308523892892541e-02
5.158725288631624828e-01
9.726290052279445986e-01
-7.765622368247626639e-02
4.936698838081445828e-01
8.602755668113859500e-03
2.519139971258665955e-01
1.958201620433603907e-01
5.789060310596610970e-01
8.554799052006955007e-01
8.694510997089531790e-01
4.946713917063974009e-01
4.146297635742059451e-01
4.450927845611414302e-01
1.205799041711536068e-01
-2.306288429396514683e-01
-1.123850820764720204e-01
-9.569397234555835352e-01
-3.058675389044189785e-01
-2.809846489146716753e-02
-9.264328143887345934e-01
-7.331653672081389628e-01
-1.579610610701873696e-01
4.199529217068234122e-01
-8.495895917017622923e-01
7.435740296262709492e-01
3.546816180562799015e-01
-1.671368345981258940e-01
4.546590927368021617e-01
-8.016998810364110994e-01
3.004275744954645333e-01
-7.972626248691883077e-01
7.002504614454234666e-01
1.910042580437672499e-01
-1.430680585212252276e-01
3.786423062221003777e-01
3.633252158875455162e-02
-1.285006726487080697e-01
4.167746689273237326e-01
9.615179767125346944e-01
-4.330443941260615492e-01
-2.996936583384361974e-01
-3.827761966120449277e-01
4.205131152656758076e-01
3.986916393210659937e-02
-1.136333408674236045e-01
-4.762189074271721001e-01
2.921300053904429816e-01
-8.933860075063432271e-01
8.151484018906635098e-02
-8.528176935802307401e-01
2.525550737787088940e-01
2.606268304507184386e-01
9.501508144397716737e-01
5.357059938598360826e-01
6.097019945340486080e-01
4.050949737321252186e-02
-2.420865523765253213e-01
6.015418679944745106e-02
-5.449853475438367623e-01
9.268028360328011139e-01
9.176684599763667016e-01
-5.763036064292355043e-01
-8.173727487587612028e-01
-5.736939449798943436e-01
9.262645980350487918e-01
-1.287059071312765535e-02
-9.592236127196251960e-02
-6.387558226129732564e-01
5.388746291309565173e-01
7.028461962055736478e-01
3.278612925922016474e-01
-2.800517602951602125e-01
-1.546935390737180782e-02
7.031426376489419150e-01
-6.011805869585533646e-01
-8.830552336189501084e-01
6.209569938662591326e-01
-4.608235787842129838e-01
-4.909963959875962569e-01
5.549014885288892085e-01
2.496621318502772469e-01
6.830261552319777385e-01
-6.393028748958655694e-01
2.832834755604018984e-01
7.238396480583560999e-01
4.611263687150828905e-01
6.340161939626953735e-02
7.072197854955286633e-01
-4.539621131553288613e-01
-4.107288725434228294e-01
-8.502910098152867135e-01
5.303834469982170452e-01
-8.499819333738594107e-01
1.046852755745973917e-01
1.388862149333335294e-01
-2.179178563971077009e-01
-4.591752934488456117e-01
5.414770816038514401e-01
8.905268688021847900e-01
-8.371762372902413762e-02
-8.174565696215647659e-01
-9.193440400381358568e-01
-1.997979775683383086e-01
6.578932255966467579e-01
-1.066623817120675166e-02
7.082904230778195309e-01
6.251022591629582514e-01
8.569320085805089970e-01
-6.828980570641470793e-01
-2.004943524960657308e-01
-4.114405292380351464e-01
-6.749923715273911107e-01
-9.097754115437968192e-01
5.949070162867320377e-01
8.182147310892986525e-01
6.125563619072682542e-01
-2.486743461267185706e-01
6.624973260723798774e-02
-1.253385206286131981e-01
1.102783837064723882e-01
5.213620837302210820e-01
4.668119522943530164e-01
7.528328703959334955e-01
8.915613549959624518e-01
6.752232209388433493e-01
5.062839001661105787e-01
4.450223713504894985e-01
1.680984159490545582e-01
3.778791050624511483e-01
8.483131674541112277e-01
-6.639738616622179457e-01
-4.259113274656427528e-01
8.967560872139248573e-01
4.088124277260756223e-01
-5.680516418683282387e-01
-3.685552120768520457e-02
5.603633173321607153e-01
-4.707033851772524091e-01
-7.304441566470483149e-01
-5.803299296915360728e-01
5.924210658413882336e-02
-2.659941775439493838e-01
-8.666066272269210558e-01
-2.248859360165331722e-01
-2.538822899125162680e-01
7.440149483979447975e-01
-2.199385644640706738e-01
-2.159903680380754754e-01
3.872245452530709287e-01
7.639894793742518786e-01
-2.456172829759620813e-01
-1.264252109992781703e-01
1.159363844396421594e-01
-6.498286957827372756e-01
-9.329593560663518303e-02
8.647192990805270263e-01
