2.128032016157628270e-01
-2.602745362736681445e-01
2.177972960849048623e-01
-4.550759590477309047e-01
5.393995623114516968e-01
6.910784807136838293e-02
-8.673358345167268002e-01
8.171376889431194446e-01
2.623050903819881263e-01
2.922349397365335277e-01
-9.690044266193489353e-01
5.465399715884416976e-02
-6.140473434968523048e-01
1.524072528572167351e-01
-7.744523356559617211e-01
8.254405311588308702e-02
6.779973162543634357e-01
1.890707210427722273e-01
7.402890574789031675e-01
7.054730652309431083e-01
5.834227099514666115e-02
5.523952501009932181e-01
-5.126204294453764465e-01
2.422166925374017454e-01
2.655148907985308560e-01
3.909088979660985119e-01
5.958835663150827688e-01
3.524332086364789784e-01
7.666258272609667301e-01
2.943329852370211719e-01
-8.039690878702626664e-02
-2.152479815362162707e-01
6.209613576723780337e-01
7.376259865221644896e-01
9.900096693221915878e-02
3.488074632045233270e-01
-2.963644746306099420e-01
-9.535224565381261730e-01
-1.156938363195664510e-01
-9.780480307543937268e-01
-6.390532982921826033e-01
-7.046150741279014751e-01
-4.240695310767622628e-01
-9.341117487802970132e-01
1.276232501823144627e-01
-4.588326519558388883e-01
-3.753956815700683070e-01
4.595634302161861751e-01
-8.397410683578905299e-01
-1.680232510958111769e-01
9.743299249431898179e-01
9.077907957960869023e-01
4.428569266498598722e-01
6.720094144054982177e-01
9.791900281473387979e-01
-2.240008599928338950e-01
-8.673665667029539783e-01
-4.023583795377128070e-02
-8.841955752625674236e-01
-9.279050721622619236e-01
-6.346152378559456464e-01
3.385794425752257641e-01
-1.481113184003639005e-01
-7.696333524487759536e-01
-7.000446418043658747e-01
-5.314831783267561782e-01
2.829471263819295923e-01
-1.658283566999130265e-02
5.749397283522952318e-01
6.022780019327143020e-01
-6.694738859169180323e-02
3.145907927554250083e-01
5.465583293189232306e-01
3.986017927352776269e-01
1.052142321057341623e-01
-6.914017288182698895e-01
-2.707001886008885139e-01
-3.902799845146671665e-01
5.291494509297844928e-01
1.709869891733299951e-01
2.624526890276959179e-01
2.457243043882702260e-01
4.836669927108611100e-01
-7.836428710646703433e-01
-2.029285383879100291e-01
6.505582622980013996e-01
-1.129801753173912404e-01
-3.259696063080242956e-01
8.588365894508487308e-02
-7.702265590530432693e-01
8.237420521006000307e-02
-7.357120496325650905e-01
5.491013653706160458e-01
1.993756813217986701e-01
-1.466586282907780259e-01
9.434674979236988834e-01
-5.974548147530851505e-01
8.373224898956496132e-01
1.993203610870297737e-03
4.216237181551361068e-01
7.352009524454110601e-01
-3.527077496360675468e-02
9.630608482772728962e-01
8.479352771472854489e-01
4.891037583976932113e-01
7.867221789319497338e-01
8.846613561744367527e-01
-7.054367550968088096e-02
-9.662790826412914758e-01
-6.800178481147249876e-01
6.719889733199728710e-01
9.007074440991869047e-01
-1.562452327361639748e-01
-9.605892906793678243e-01
7.207818783777492078e-03
7.138687969904859987e-01
-8.362490789730817609e-01
7.149108156164205585e-01
6.727069496205166921e-01
4.483109904858078587e-01
-1.217029802416140644e-01
-8.503875508698655050e-01
9.379811885377586922e-01
8.054308629019564236e-01
5.792966266107459905e-01
8.836537825428909532e-01
3.673202993409145911e-01
-5.514820629688323983e-01
2.371869361738193072e-01
2.081620023020147592e-01
7.125365542504630278e-01
-8.223348364697871116e-01
5.032268225356302249e-01
-5.712629705611971254e-01
3.698682751173028027e-01
6.155449709773843647e-01
7.792921408796849025e-01
-3.449485765722501984e-01
8.048626676700598725e-01
-2.369174798405120352e-01
5.790706591795429237e-01
-8.706867377448568313e-01
-6.845842882482411351e-02
-7.814086592407363252e-01
-4.216974821745910207e-01
-3.442336363855381665e-01
-9.978608028813937825e-01
-6.761116174881772745e-01
5.212251463893929904e-01
6.663140973977869086e-01
-1.591121701698186008e-01
-8.448487154598802729e-01
6.874909925989631798e-01
-6.413275700526765988e-02
6.386695836281930383e-02
-2.903355743744211459e-01
4.269320026123588074e-01
-8.068446977643981555e-01
7.296225858612799264e-01
-3.108991806754575482e-02
2.706788671159785498e-01
9.145682771030427816e-02
-2.622941388157602471e-01
-3.493247087488291491e-01
-8.867194073329474069e-01
7.523636310264107951e-01
3.727654089690939365e-01
5.171173990503366014e-01
-5.728576980397598328e-01
-6.170484257233669334e-01
-8.929935902999952546e-01
-4.161048491187420151e-01
2.880607827263241827e-01
-2.102547286021347883e-01
9.940135977272361867e-01
2.995465763944711313e-01
8.119098869651515393e-01
-6.084698177829280796e-01
2.182209640199470058e-01
4.784091865976447533e-02
7.634415024767591262e-01
9.593981336342540800e-01
-2.556641110620216928e-02
-7.217948029408703947e-01
-1.075821308740911586e-01
-6.910817967336113643e-02
-2.065887253407661106e-01
-1.056915599938483830e-01
7.542175883842021644e-01
-6.477580779718381532e-01
-9.949012471928539991e-01
-3.963635548960688926e-01
-1.046976410103676314e-01
5.875051809475583253e-01
-1.014370704940130707e-01
-4.004032479565451386e-01
-2.825583776365915289e-01
-7.594238479088599725e-01
2.904956545525783085e-01
8.112922575954275572e-01
8.551345927555530357e-01
1.693676273287101908e-01
1.462610336416870771e-01
-9.452675523206406361e-01
-5.001112195773074198e-01
8.279745000674648692e-01
9.351046374324731847e-01
-7.363034411917759314e-01
-2.758939332873100447e-02
-7.921858817299284317e-01
-7.381683765439908118e-01
-4.943577790846451769e-01
6.280289468624199456e-01
-3.786440985803841697e-01
2.846774437247181488e-01
-3.066764553215337585e-01
5.403606189946235094e-01
4.642635342752609029e-01
-2.397265366429239819e-01
-5.808608537060958588e-01
1.555430929500802584e-01
-8.035981224634408671e-01
-6.657856958242853729e-01
-9.563238670401816854e-01
9.073599021014812083e-01
7.775139578469910662e-01
-6.966975300595938947e-01
8.715340345085331730e-01
9.587764945138428363e-01
5.760669339301158764e-01
-3.252888669304009328e-01
-3.296129534189364829e-01
5.480603314472631826e-01
-2.279580735561059224e-01
7.173324014538606797e-01
-8.226272028707490858e-01
-3.619939098351287465e-01
-7.576365906818873786e-01
4.885384368231293628e-01
6.876510577006800240e-01
-2.034223653841472634e-01
3.021392608265779378e-01
-5.507617962271177392e-01
7.534899582790002270e-01
2.709279563703873572e-01
-5.072531662849133482e-01
5.699805991070905353e-01
9.561123148201081667e-01
-7.556645216981788815e-01
4.486382658026168979e-01
-5.118702797171876817e-01
-9.758501675867599090e-01
-3.263949626947356686e-01
-9.287680984292330244e-01
3.302589313620347689e-01
7.610949777743709621e-01
7.247233602307026068e-01
4.583884209612451022e-01
8.395643191060548904e-01
-3.953080624685971767e-01
-9.516734049809683071e-03
4.533144410984921713e-01
-8.182670407480101549e-01
-1.869164303115123937e-01
-2.484403033871118716e-02
