5.135229159102935315e-01
8.991164290373167001e-01
-3.069317506350821012e-01
4.649730049531875520e-01
7.780424918014915425e-01
-8.943037895429510886e-01
1.110225482441930256e-02
-8.521327848554066664e-01
1.672701091634838932e-01
6.180534592024735652e-01
8.579440694728104333e-01
-2.837747367410640154e-01
-7.247514411078537222e-02
7.955463646017271184e-01
-4.991298131843919239e-01
-1.727297080997115541e-01
3.473989860416330511e-01
-4.571717941899856585e-01
-7.279288168646240731e-01
-9.526250457506793001e-01
-4.128192340515605685e-01
7.404961518296425682e-01
-9.883814252065072914e-01
6.537714958220577355e-01
8.052485831223314960e-01
8.418205441962506308e-01
4.521234883921863568e-01
6.567162015594736335e-01
-7.386613008868260222e-01
5.049127156797061922e-01
-6.654338389831828682e-01
4.111996142915316788e-02
1.012179913001555048e-01
-3.770491450693673197e-01
3.017811954423199050e-01
-4.120141356731873289e-02
-2.465807795452370707e-02
-2.933898371149839535e-01
-6.030458851627678030e-01
-1.064747688406773862e-01
-9.000186788076002253e-01
6.723748422899067378e-01
1.290146486651190250e-01
-4.175525968328063220e-01
-7.311611281725844957e-01
2.776621905630611287e-01
-4.158219898983532281e-01
7.276820321261130431e-01
-7.648077974403213464e-01
-8.575634266322489097e-02
-3.721981500512468455e-01
-2.174868471025607763e-01
-6.274029207881653969e-01
9.694516436801183801e-01
-8.661063911270544535e-01
-6.319038134766707948e-01
-5.669707167232814760e-01
4.880084500418611082e-01
-3.375637732947004976e-01
4.507824115326260483e-01
-9.511253887415743735e-01
5.967419028491208893e-02
-9.244020665153261929e-01
2.695069766920513699e-01
-4.883389057468873196e-01
7.055531703449249292e-01
-2.601520653369849279e-01
2.394501777675867860e-01
1.948262174124776869e-01
-4.744987526955417589e-01
7.455273363780383633e-01
3.504406641474991368e-01
-5.985930723781289764e-01
7.598017706916061487e-01
-5.241639122846336596e-01
-4.210502954369109707e-01
-8.683874934428670311e-01
-4.682384166231897682e-01
3.520679603100443367e-01
-6.719145839348068527e-01
8.079294119923993711e-02
-7.670020290163873655e-01
-5.732766920422970314e-01
6.961861282735400946e-01
4.115761455778180755e-01
5.747093112183591923e-02
1.685260943186009108e-01
-5.082043806230992500e-01
-6.823183414442450800e-01
-5.989535200982596397e-01
-8.930520711473480810e-01
2.939555919792097294e-01
-8.409037508276906436e-01
-3.876722176009894105e-01
-9.365926674373129535e-01
-4.679406985731301982e-01
5.208526908657938881e-01
-6.851971918124784011e-01
-1.068903093184114805e-01
9.742432397803006960e-01
-7.005787788571807839e-01
-4.120031083692996532e-01
-3.346596071850052589e-01
6.162883819783724348e-01
8.823231288898709668e-01
-5.750191148631669247e-01
-8.548836841708347123e-01
2.367503676585228367e-01
-8.384710975581897152e-01
1.596516239104916746e-01
-9.480415460278404094e-01
-9.167398177231519396e-01
4.018822649708352901e-01
2.903472431147616772e-01
5.809680261894729636e-01
-4.563269142888079499e-01
8.148013054012362422e-02
9.474187185060940763e-02
-7.635077930972002103e-02
3.435100493090803009e-01
-1.119674286538156205e-01
-9.185931089940230221e-01
-8.543701733223693084e-01
6.464525297232742718e-02
-6.052663404685265647e-01
-2.019780994395235230e-01
2.729580800300296928e-01
9.025313745333409798e-01
2.885517602082622868e-01
8.587321976266454326e-01
2.893959477764307398e-01
3.327877359050749884e-01
-4.500842615674735536e-01
7.839309140334875803e-01
-9.821103997024710486e-01
2.109218034973440181e-01
3.069556661105571904e-01
-3.629345446359131255e-01
4.204640851472403740e-01
-6.999997523077526873e-01
3.733066917790926476e-01
6.541740784320415614e-01
2.511612850415188003e-01
-7.575984988851175439e-01
-6.126382957018185887e-02
-5.632226691563421012e-02
-2.224577084451775377e-01
6.141168825863004520e-03
1.285201322920076217e-01
-1.755228266303313078e-01
3.418602400195887570e-01
-9.823034306006336869e-02
-4.698826401773805173e-01
-2.786268780316517035e-01
-2.699476727388691599e-01
-5.496188792751722785e-01
-8.778171803347442625e-02
5.649106718623264634e-01
-9.207656993087089958e-01
5.738167765781837515e-01
-2.290486465484391498e-01
9.115969418895099041e-01
-4.289414712973261823e-01
-3.723740718393205307e-01
2.501656087268849804e-01
-7.399286008524342817e-01
2.511242877755498482e-01
-7.024283066136037812e-01
-3.159980061164573417e-01
-4.695922778745830750e-01
1.545070371636556583e-01
-2.542369901036338753e-01
2.180822421109699649e-01
-8.907890513684827427e-01
-4.775073465948698193e-01
2.448520785550325485e-01
7.820839649777070468e-01
3.776170371986433127e-01
-3.040184289197345874e-02
6.575280793571482985e-01
-1.921210327167897081e-01
-5.986984233937991950e-01
-8.600983108330776394e-01
9.598452864957188746e-01
-6.309000553156156599e-01
-3.789477301354362004e-01
-6.451058051085293288e-01
-2.387429918139901130e-01
2.090512091832462116e-01
-1.597359274411939978e-02
-8.680562098299228202e-01
-6.465787462265036867e-01
-6.131029206969553780e-01
-9.446891758909164993e-01
-9.794249515024533448e-01
-3.157837187846666560e-01
-3.225809796187752432e-01
8.814591823940194359e-01
5.285967355734814133e-01
-3.671960778086889587e-01
4.760326557668602132e-01
-4.894701604296057829e-01
2.589103391989197589e-01
-7.840481111961926652e-01
-5.915879281085301145e-01
5.266824455625535029e-01
-7.777816950201877910e-01
-7.322517105972865537e-01
3.160037066749886714e-01
9.218398544185749666e-01
8.144130456541003316e-01
5.609863970793121934e-01
-5.498325553575236224e-01
9.787738823518026265e-01
5.394920833690182160e-01
5.398246538545687923e-01
-6.874651333706328638e-01
5.303552251956216157e-01
4.167161224179650736e-01
1.947926387508037149e-01
-7.901234040324157659e-01
1.050152408744913501e-01
-8.257064979419151407e-02
-1.626449851678335168e-01
4.356766102207135227e-01
-2.851813510664463758e-01
3.387213095300119492e-01
-5.948657544242826889e-01
4.164917539866595519e-01
3.779413639552631765e-01
1.061887261190379711e-01
-1.502226481882328601e-01
9.482529014088573183e-01
-2.579489914918271700e-03
5.188723406781989844e-01
3.013309291239978926e-01
-7.254759403153269171e-01
-1.872846829949707526e-01
6.956239994775035296e-01
4.795655302215138804e-01
9.414550086774904625e-02
-1.029975515256052465e-01
4.357460121219701166e-01
7.247069048479288789e-01
5.249839618697754728e-01
-6.063568072591163371e-01
-6.790059567430809517e-01
5.366218764746208958e-01
-7.593690500250261932e-01
5.978871641593531683e-01
-3.810510913980590941e-01
2.158967258894356478e-01
1.299572257456892699e-01
3.936184614800438686e-01
-3.422642778152020782e-01
1.840847495419382918e-01
-2.556125858939094914e-02
-3.341857675995487664e-01
7.513861982122312932e-01
4.703443673354508192e-01
-4.617995272425800546e-01
-2.173481064020822695e-01
6.963000813382074217e-01
-4.315520344728956958e-01
1.732425067203425401e-02
