&average_mean: [-3.9973949  2.4225353  7.4978616 11.2595803 10.0392502 10.3082212
  9.2870482 11.38882   11.5848163 10.2227181 10.6633508  9.7136764
 10.9346656 11.3775257 11.0422907  9.9733618 11.6927185 11.3220987
 10.3119658 11.0003296  9.1955059 11.890426  11.3952369 10.9899416
 11.4393834 12.0222204 12.1895565 11.4968884 10.2225658 10.8354703
 10.612513   9.3213204 11.5643251 10.5887181 11.9482293 10.6174577
 11.6548704 10.4857367 10.2978677 10.1723926 11.6286062  9.731288
 11.5409136 11.4082265 10.94862   11.6156942 10.9601138 10.5622234
 11.422166  10.7246764]
&average_maximum: [35.0219336 41.5543122 45.4215384 52.4650366 57.2451848 59.3593941
 58.096552  56.5588736 58.3161774 62.2543477 58.6954227 53.5946172
 60.0363473 65.8331541 55.9179891 55.9677302 59.5090422 61.5520988
 64.1486303 61.9780708 58.5624238 57.2359337 59.5519036 60.8111724
 60.7843432 58.0038332 55.5470414 63.917023  57.1292968 58.7043852
 57.3521936 60.7338033 55.5806502 57.2021583 60.7775991 57.7288252
 58.2911606 59.9581074 55.0556311 55.331128  57.910352  62.7771876
 56.557095  60.0065818 61.9761515 64.2819096 57.820792  57.1389512
 62.9021502 55.195615 ]
&std_mean: [0.73310118 2.98142302 2.73211794 1.8626139  2.30881307 2.135329
 2.31628763 1.25238035 2.05981521 1.66734768 2.40862218 2.17696557
 2.13258876 2.6967739  2.1803658  2.19839463 1.45770535 1.49450279
 1.62322622 2.60294018 1.54617132 1.68110591 2.5469124  2.41137082
 1.78135356 1.62404927 1.79201056 1.18511338 1.30030287 2.07694837
 2.27446327 2.14785762 1.85771616 2.39609283 2.28900075 2.06467499
 1.64669942 1.60421362 2.53967392 1.64372726 3.05231887 2.06493144
 1.94150277 2.30967511 2.4976587  1.90415724 2.27354696 1.87403202
 2.13429824 2.80860845]
&std_maximum: [ 9.97643461 12.36972185 12.77175201 11.14232405 12.25175751 13.2067289
  9.46951303  6.38403071  7.2397808  13.16733565 11.92651416  8.08309927
 10.79841472  8.54410167 10.81990779  7.04499883  6.97886343  8.59537391
  7.0020102   8.06489644 10.54764085  7.41194693  7.99505669  9.87301064
 10.18203994 13.21569916  9.43558802  8.02528817 10.79799296  5.48860216
  9.87516284  7.20257855  8.764589    8.19358756  9.21702719  7.60046599
 10.94743569  9.15032629  7.63513605  9.44289635  9.89724774  7.57119714
  9.66993487  7.80829585 10.40131064  8.0828541   9.93665189  7.44930258
  4.88535002  9.81938579]