5.352187748141529200e-01
6.244190680049412912e-01
-7.386325230738268743e-01
-5.992766371821272031e-01
4.070525663990282039e-02
-7.685000707464824110e-01
6.142242271440265799e-01
-4.177849816634622293e-01
5.793523499215469386e-01
-4.528396994306368994e-01
4.330572914151913921e-01
9.831131508691637322e-03
4.215047252944366107e-01
7.147727734113143994e-01
6.376024491459253429e-02
-1.575229111852447794e-01
-3.652574683056645233e-01
9.729117146642518588e-01
-7.485907951936378313e-02
2.688993702073447789e-01
-7.405859233708153022e-01
-1.776996736587511672e-01
-9.125284886732087930e-01
-8.854799754004871737e-01
2.413091919086825521e-01
6.230415644753074522e-01
5.754967459276054687e-01
5.705287330534132284e-01
-8.975184860396632214e-01
-5.730470391683634146e-02
6.490400987559417079e-01
-5.416020299008120764e-01
-5.556624352216488205e-03
-1.838833453178073674e-02
1.996093113387832352e-01
5.693076109052437328e-01
4.112855765823176801e-01
4.484091851622018510e-02
-1.651082052013823631e-01
-2.382074539061580232e-01
2.795209557794516853e-01
-3.848902329748571383e-01
-5.490771361664773531e-01
-8.267555998982669685e-01
-7.455244208654168148e-01
-4.814921037896329192e-01
-5.516529355654193889e-01
3.050309851758259416e-01
8.591861124681372530e-01
5.994847450976077408e-01
4.228517843933067288e-01
-2.355857059522580288e-01
2.841398670609992516e-01
-9.172750495318111597e-01
2.535710774682022328e-01
2.499701855344957369e-01
8.301577139412152917e-02
-4.232220451632312530e-02
1.894917638456534992e-01
8.030155070393498740e-01
1.121437388626195242e-01
6.340557568719668025e-01
4.250340447751754791e-02
-1.860839966243263699e-01
2.136960186774507775e-01
-4.058230461443707027e-01
-4.515549578308253320e-02
-1.078735318334411719e-03
7.434558070086578763e-01
5.035051641863407257e-01
-8.103898922460763821e-01
7.232371248916343864e-01
9.030049686844542345e-01
-1.831653324869446653e-01
-3.496798607873877196e-01
4.493680790854659435e-04
-9.390581876218362378e-02
1.030471330637868776e-01
-1.455678265705977470e-01
-1.357961335725121899e-02
-1.414224048774510578e-01
1.644164450657620291e-01
-4.581255460731596951e-01
7.253350414343516794e-01
7.080855353118961637e-03
1.165702064790925807e-01
-7.247948458045365694e-01
6.592152068948515797e-01
-4.130603731041833093e-01
-2.343562706393623740e-01
-9.875821201714933828e-01
9.802146894069290184e-01
-5.376689622521381162e-01
-1.071778700165223475e-01
1.292083136033822521e-01
-5.550781160672946246e-01
-5.760182990029134587e-01
-5.919166394274739673e-01
8.267957662259128870e-01
-3.772670270754083233e-01
-2.595025809119987370e-01
-1.365143104031486254e-01
3.722531689991439574e-01
-2.033905483265834313e-01
7.867319118303157666e-01
4.292681651487280092e-01
-4.493471242573948699e-01
9.064651150178669736e-01
5.471000234090845904e-01
1.610710437595395672e-01
-8.499640393482855716e-01
8.748382133977676833e-01
5.685913510870054255e-01
-9.872907101197456736e-01
-4.957571997962086918e-01
-9.422634050409042228e-01
8.009044807773018082e-01
5.763961205692214040e-02
7.760187066582968640e-01
-7.895219903448092991e-01
-5.204090813015272987e-01
-9.145391229216598417e-01
7.543684907006438234e-01
-3.076942710414551918e-01
-1.974827438242748312e-01
-6.754044166071665467e-02
-6.813236141740202090e-01
-5.057166774983993252e-01
3.573359673169851369e-02
-3.678062287480534653e-01
8.120557030867838755e-01
-9.065959107165446618e-01
-3.699413566473628290e-01
-9.066975895650680739e-02
-6.666884512869553081e-01
3.548882093905394441e-01
1.262746436547279583e-01
-4.386566465174658314e-01
9.428757934166775989e-01
-3.764435609200714739e-01
-7.541864109682109296e-01
9.908038795364659812e-01
1.538562145032479345e-01
-3.091625788472467384e-01
4.408602433321265890e-01
-5.558877649231119822e-01
-4.188825234650372931e-02
3.785209187416166410e-02
-7.872532074404741120e-01
2.404889179541680466e-02
-6.228301600940771010e-01
4.878149093368737144e-01
-4.212019498247768778e-01
-8.239961091447621788e-01
7.926357028781277902e-02
-2.055461521245677270e-01
-3.075043761949505239e-01
7.421024663355128004e-01
-6.422657331913039780e-01
7.805713677361438840e-01
-3.143063816696380908e-01
5.635676669834274177e-01
-2.094673598128683478e-01
6.004636770570156434e-01
-3.733200396691353506e-01
6.456086975990664723e-01
-9.410119692812202175e-01
2.978119280620805664e-01
5.578670515269601449e-02
3.773968359466226552e-01
5.961354309390302086e-01
6.237885650502750234e-01
-8.088114968571424868e-03
4.140237232505709075e-01
-6.054900240922893584e-01
-1.680019027551138411e-01
-5.668267234544746014e-01
5.034984690624870751e-01
9.245007511781647702e-01
-6.714023754701368141e-01
3.156387907408578219e-01
1.167047793986888404e-01
-2.796181553362548922e-01
-1.796828607520314369e-01
3.128062691986931987e-01
-4.554274432979707465e-01
4.745143622058600741e-02
-7.511631328884782466e-01
-2.424373422048904381e-01
-8.215874768997367683e-01
9.846611917788808954e-01
2.730895482368678184e-01
-4.712475230488635258e-01
2.127303660696789334e-01
-9.423751830943472019e-02
6.663649157750086705e-01
-9.402632536372811378e-01
5.931823016561172945e-01
-8.551170834871669735e-01
7.451767341764438113e-01
1.379518968313834248e-01
8.948856447766861955e-02
-5.102823380042347257e-01
-5.681471359323716497e-01
5.162355377581815397e-01
-2.670901675952296883e-01
-7.540612064440993523e-01
7.685581252919554407e-01
8.817518117387355137e-01
4.786740847221237494e-01
-4.064184936342429832e-02
-7.462280705975317119e-01
-3.585903642633825328e-01
7.050410099748436465e-01
-8.165307861477399953e-02
-6.196581782945748129e-01
-9.739985645390719649e-02
4.763717977789198033e-01
-5.193647887296770627e-02
-4.057026453350772166e-01
-7.671365646995016441e-01
8.724625137343344772e-01
4.790733041810508186e-01
-2.896541959670733135e-01
7.079777207030037989e-01
2.945525395077736031e-01
-8.151421207106597233e-01
-3.507165766560077502e-01
1.443119008008737492e-01
-9.136983925624830860e-02
2.540786593048727227e-01
3.851116016139563003e-01
-2.393803430824370526e-01
-3.715921223889914193e-01
-7.210295985424364229e-02
-7.675326045704889966e-01
-5.090766101239331265e-01
-3.863010680034641986e-01
3.471107402309880907e-03
-4.005249092433551539e-01
5.186867545565000404e-01
-6.035329696190324666e-01
2.392273792345755989e-01
-5.170261072366664212e-01
3.633660213049998422e-01
3.165715905752128356e-02
-6.876455119982372022e-01
9.775709743389511264e-01
-8.166000213704374122e-01
6.652038449724569924e-01
-5.825469460355836571e-01
1.659154501865481579e-01
2.107424521984084809e-01
-2.886641571031878239e-01
-5.011784204899365491e-01
-2.476315242977412123e-01
3.119104256373256834e-01
-1.238801429435737456e-01
5.090968532934209145e-02
3.840736787650048667e-01
-7.711442851670499143e-01
-8.594387990804405741e-02
8.882416289493041406e-01
9.256475527423777550e-01
4.632042275954568328e-02
