5.472927774073810259e-01
1.969883490814919869e-01
9.307429287290428510e-01
-7.396810303442000745e-01
7.489386157698606494e-01
-1.032301049805736948e-01
8.236868844745952600e-01
-8.234085937229842500e-01
2.914688773478200101e-01
1.637126712345051693e-01
-4.143789265308382430e-01
-9.977386133935732815e-01
1.943651236784275649e-01
-1.749923520670163546e-01
-1.379997763791750154e-01
-7.021270564094430622e-01
2.976744568625943610e-01
-8.193882049589972238e-01
2.693680938680133030e-01
-9.104100792903091488e-01
-3.078942359350974461e-02
-2.919803243085524191e-01
-6.571697227011471520e-01
-3.369104467042159934e-01
9.516236060373977068e-01
3.309391922897364502e-02
5.336785168816889913e-01
-4.991849316198908315e-02
-6.982091929868110558e-01
3.276127515414913316e-01
-8.181223410923135209e-01
-8.613193049125446032e-01
6.399484477918040426e-01
5.333974354689365871e-01
2.650281769964395462e-01
-6.474783680806491803e-01
4.262427027549361425e-01
-6.453641450495978607e-03
-8.086456872990592515e-02
5.340125430216375868e-01
-7.807070421527051440e-01
8.555311131450027418e-01
-6.698375490337757920e-01
5.023438650867257521e-03
-2.169085615992759342e-01
8.911425186314351210e-01
-4.071420722303324413e-01
1.827935167618330858e-01
-4.278490377996410632e-01
6.484003913946934095e-01
-3.110155443724318958e-01
-2.672365302539876364e-01
7.635102238398473462e-01
-6.268631199304657287e-01
3.985506447163443267e-01
6.086784085302112679e-01
-5.028225661111467293e-01
8.362974960545754843e-01
4.136295056621459576e-01
9.475582679352757554e-01
4.217882830005648120e-01
3.475290693807017717e-01
1.175214259042695886e-01
1.246439927676005893e-01
9.106160205730025048e-01
3.557631585301572752e-01
-4.984867001804794140e-01
8.829295909430714406e-01
-7.895170305414223044e-01
-3.933579617959138131e-01
-7.457635051787286917e-01
-2.983359006674266567e-01
-3.956375471528525978e-01
7.155784453251398114e-01
1.699701927214001262e-01
1.392058318066979883e-01
6.928854954569406699e-01
-6.823701877581928033e-01
1.659648812407272800e-01
-6.833309373007082632e-01
9.325104919054598707e-01
-2.277804305911423910e-01
9.398569429146030885e-02
8.947319253593389865e-01
4.592304283054612357e-01
-4.533055861293389111e-01
9.952989052297763761e-01
-5.154371540394588891e-01
-4.302266665559439929e-02
6.865362491833443270e-01
-9.182373936285308513e-01
-2.153706289620401226e-01
-2.187094195363847859e-01
5.677606742542635754e-01
7.699405402362043960e-01
8.526568670799195004e-01
9.200088675640012426e-01
1.132555552297230400e-01
9.053430082304667614e-01
-7.847032657044313853e-01
9.513008511084443120e-01
3.384773522360317033e-01
-2.895992324628759440e-01
-9.722562783065604730e-01
-2.775761478804129045e-01
-5.136534859482575488e-01
8.008875579142133994e-01
-5.430680730112549259e-01
-8.735488446628747461e-02
8.325764091046581328e-01
-2.017910137698590844e-01
2.179843935762476315e-01
-7.124006456287544919e-01
8.509857266891608374e-01
-7.635673661577951910e-01
1.656414786452546362e-01
-2.759274508284773608e-01
7.911186731692944063e-01
7.715193493693489613e-01
-5.288367554045598773e-01
-5.567084423575134888e-01
2.293153483248221436e-01
3.809040020594428033e-01
7.198838885219608352e-01
-3.921496480188970124e-01
-3.240696153591944295e-01
3.024525597149302705e-02
-7.585486405117508601e-01
-1.917108771086624974e-01
1.624678118037214403e-01
6.663782750962767842e-01
9.380901821932799978e-01
7.053911310970494286e-01
-8.356437471643730630e-01
-3.549591973603698492e-01
-5.535107133512500166e-01
5.449151191979513253e-01
1.273610674538122878e-01
-2.974081429169269652e-01
-4.857431628021779968e-01
6.694402522018603197e-01
-8.441805880894688308e-01
-5.833835500512297711e-01
-3.445342855647987590e-01
-8.374303147708656025e-01
-2.061611433850577546e-01
-5.655969919402923374e-01
-7.417357130509927288e-02
2.332744004450636455e-01
-4.124775349137527192e-01
6.795811664333801794e-01
-4.035056197914486109e-01
-6.075084005406233834e-01
4.453563467044462931e-01
-7.967976679161170583e-01
4.220439861184218655e-01
8.492316947470853750e-01
6.389527892137039089e-01
-6.330020624389159911e-01
3.477982776895759964e-01
2.298217852621319279e-01
-2.376151856939427431e-01
-1.078699884653411545e-01
7.866143733248994740e-01
-9.566895873717680132e-01
5.291014057654650632e-02
3.851144433251662003e-01
-3.322923394636034811e-01
1.194086708106917721e-01
-5.963442462445510683e-01
-1.603945863068694244e-01
-5.686170727661133961e-01
3.415726847991511494e-01
7.583701721717969191e-01
-5.363970698278284349e-02
1.086256270764350690e-01
-9.386527070381297522e-01
-5.665444864087690879e-01
-7.095725727000126160e-01
-6.158244071000968933e-01
5.602982634535274009e-01
8.658191167390558718e-01
-5.372928286613031235e-01
-1.818357411928028800e-01
7.408545276005613633e-01
-3.276048804657502589e-01
5.585182953761486102e-01
8.001716403654557386e-01
-8.635605319204059382e-02
8.085473463073411526e-01
-4.483729175795580666e-04
9.067888524365554093e-02
4.385104011567384497e-01
-4.165623016310074367e-01
1.963454024451998237e-01
-9.866084372472957997e-02
3.604340692883918340e-01
6.183922368841304751e-01
-5.088935014243253230e-01
-2.940836643693560681e-01
5.587028230827811859e-01
3.851000210721995387e-01
-9.840581034243506275e-02
-7.795092152724828471e-01
9.895739737476374476e-01
-4.482733789679753111e-01
-8.597198040826178334e-01
1.958601053750741450e-01
-3.794352857281095837e-01
-6.623719309622490004e-01
9.905500779542212308e-01
-5.753954811647029599e-01
-3.068526606540644686e-02
-7.539529120251955430e-01
6.828035328844643814e-01
-7.140279540394047775e-01
8.010647970127071638e-02
8.294926684385386384e-01
7.951474572435611732e-01
6.519411719127653493e-01
-2.044008173115120508e-01
-8.098151648993784368e-01
-1.266815001509678518e-01
2.681344616927949787e-01
6.472750399474256344e-01
5.004053931679723899e-01
-7.735320136455562379e-01
9.462724155371458057e-01
7.992174307045424309e-01
1.249304062494871331e-01
-4.228609023822821333e-01
7.780938541625198601e-01
-6.452438780188480827e-01
-4.263983477683335188e-01
-3.472685074976167297e-01
-9.642020086980483962e-01
1.663076724508316950e-01
2.472386361056031490e-01
-7.079880739177800697e-01
8.023372901720027262e-02
-2.296782253013097685e-01
-4.155288852141328371e-01
-7.441440643199905836e-01
-4.882712098648448462e-01
5.058579677335814928e-01
-5.356429846727422950e-01
8.166997726645838229e-01
-1.739461342981127034e-01
7.518249250341442202e-01
5.496630566235536502e-03
7.659240741070660885e-01
4.538655487274931843e-01
-3.504247340641532538e-01
4.344878777378029522e-01
-2.524575473724638419e-01
9.736085618608389947e-01
-9.140503476383654569e-01
9.463039073870259665e-01
1.676302010331053860e-01
1.566731755171812124e-01
-8.305130247720908798e-01
1.608758173762415422e-01
3.660378332733460471e-01
6.166831495002451646e-01
4.214741319180868029e-01
