9.650655374996650604e-01
7.713342583070015301e-01
9.958501438484080870e-01
6.310085725499184894e-01
3.124340058925612618e-01
1.132473549226022391e-01
-3.602122667617271290e-01
-3.367209543356433077e-01
-5.137435436185444626e-01
-1.351001226105867925e-01
-2.823452062475326207e-01
-1.603208172313563551e-01
-2.517732150559717219e-01
-3.097732020110828266e-01
6.452385108813687431e-01
4.537155556019256686e-01
4.294430802285094106e-01
-2.244012810408126668e-01
-6.976115150074196913e-01
2.986396361832895918e-01
7.118559074555093069e-01
-2.179436362541797845e-01
9.817432011766019651e-03
-8.222536705933550794e-01
-3.029680481316709417e-01
-7.201622995453684783e-01
-9.926200188082834330e-02
-4.782171017245691602e-01
7.668174371810034806e-01
4.409709213554169338e-01
4.615796676971917756e-01
6.565988999495990797e-01
-8.964426146369989246e-01
-1.753796800459672678e-01
2.885271615917881505e-01
-3.651551691688055268e-01
-8.839149002919901577e-01
-4.421149254897851488e-01
-4.187733192173539454e-01
2.632182037421058052e-01
9.814450461127971481e-01
1.144694461368018779e-01
7.537631337785116736e-02
-3.903370384333155751e-01
3.835765279105067815e-01
-8.407405858912736507e-01
2.234590765508454591e-01
2.970692066198680203e-01
7.945211673137779762e-01
-5.672969424530349691e-02
4.083728339349861347e-01
-2.015839693512909703e-01
-4.563275256884093967e-01
-4.131653377995351262e-01
4.748552673151242298e-01
-3.004782059518835702e-01
1.200768190955052162e-01
-8.212035987922783331e-01
6.571244648662832866e-01
-8.741544078496008563e-01
-6.560716858003727836e-01
2.129851077219828692e-01
4.279275212957195373e-02
1.908051759632046207e-01
6.109320478916822061e-01
-4.035447818623647542e-01
-6.646480590871270966e-01
6.579648821765182731e-02
-6.663022486436550595e-01
3.176241020699799300e-03
7.407052928642475775e-01
-1.832751403996439876e-01
8.714139412406618490e-03
-8.763827804234201047e-01
1.148686793848896492e-01
4.573690511740717834e-01
-8.388454098929363223e-01
6.188937440633368592e-01
4.248490540316878228e-01
6.690781850751694737e-01
9.912803404671753915e-01
-4.369814946134138456e-01
-7.386775491405639382e-01
-6.978084612955537391e-01
-7.785786809451453738e-01
-3.871564600412238377e-01
7.307000538033107118e-01
-7.927847009297894765e-01
2.287073769937428835e-01
8.110922114139837991e-01
-4.967770511096154529e-01
3.173966394200704588e-01
1.477644839634570939e-01
1.523324434132902472e-01
-8.115338615937250921e-02
-8.273804131008980489e-01
2.458982463454495448e-01
-6.366261994804880420e-01
6.569406597319276120e-01
5.539839594401868572e-01
-8.601814123642972376e-01
4.441588002048368899e-01
3.435869655529620315e-01
-2.753167770633941913e-01
-1.117661131324652057e-01
7.817828028536273344e-01
4.056671476190947256e-01
-5.462604172689489168e-02
9.404715747884858645e-01
-8.370693923694976224e-01
9.467350149719644392e-01
3.114060400958477137e-01
6.873105534595430610e-01
3.968024630675314190e-01
4.106114822448663215e-01
-7.807444257692313094e-01
-3.588070985145020986e-01
-5.672690995680459425e-01
-2.065154300718209934e-01
-2.499778893282521564e-01
-7.796620963368237067e-01
2.165732050161874866e-01
-2.889666921808071720e-01
7.361773460783325174e-01
-3.754695679692321986e-01
1.509161888914356542e-01
5.857153104396051191e-04
-1.563799063777809861e-01
-7.979924966714457835e-02
9.983774315929079268e-01
-9.868811274902014041e-01
5.576304868344361676e-02
-5.430443349261282471e-01
8.907680746446383635e-01
3.473532410956007288e-01
2.106442548973975759e-01
2.769075173574224724e-01
-9.520449697534556499e-01
6.821170024701441736e-01
6.635783453204124882e-01
5.290566265752415509e-01
5.774849430422114294e-01
8.299602977477964494e-01
-6.038791517630466288e-01
-9.528285269924028356e-01
-7.059580606070665620e-01
-6.809494914988158953e-01
-5.024439016902719768e-01
-3.503177346876930054e-01
-6.940709689431835416e-01
-2.855426750005086722e-01
4.677238955125480047e-01
7.832313351325976836e-01
-5.159179968469567168e-01
-2.680195707249088954e-02
-1.359251003033111749e-01
-3.591874231194477352e-01
3.765610563818564405e-01
-9.343027774834647414e-02
3.183641424524581431e-01
3.399813901965575980e-01
8.369036592342606884e-01
1.340845607584418842e-01
-9.778350677330238661e-02
2.367431412737970586e-01
-4.617678898090451511e-01
-9.697832773937233863e-01
2.032624692620965678e-01
-2.530486723549354444e-01
-1.927015233780249304e-01
-8.737217848860217018e-01
2.546153387308165428e-01
-6.555938483050345322e-01
-1.655335387453231721e-01
-9.321179438664516370e-01
4.931854659504646965e-01
4.237124905618547821e-01
3.396856383995472406e-02
6.755590516552969493e-01
-7.304835932080697702e-01
-7.585839041134596616e-01
4.032767759066211988e-01
-4.870289535761018751e-01
-1.870249502986213175e-01
-6.965223114456420284e-01
-5.549226956656966303e-01
-4.030006174878225100e-01
4.685532509375835430e-01
5.838943681204447067e-01
-5.989840639372614461e-01
1.548732957668349508e-01
-7.621156232902548400e-01
-3.081348455032169031e-01
-6.038025890387466177e-02
7.063840757631618672e-01
-4.854861229266601574e-01
-6.278275312721520729e-01
-5.799660086479966337e-01
4.045201756797692783e-01
2.770925510592738839e-01
-5.361221217704461584e-01
9.179670270798019338e-01
-9.181945229782295659e-02
-1.830879517003002332e-01
-3.299487087159345133e-01
8.645662325341283427e-01
3.508887923200607606e-01
-8.779670682165208184e-02
5.583845970295402417e-01
-7.469040027621535183e-01
6.065535462023134983e-01
-3.316052246788722124e-01
8.141319660474921616e-02
-3.612948830745499329e-02
-6.647459927855834394e-01
-7.210640533441803335e-01
9.829053604405538769e-01
9.376214081182234761e-01
6.989358248506725158e-01
-1.851302171894755877e-01
-6.311175181238530829e-01
5.677607588666440108e-01
-1.409349536952220205e-01
8.719011821425401987e-01
8.251184679898371233e-01
7.199778096301348018e-01
-7.914165627548548354e-01
-1.103084861785803561e-01
9.460138142539404882e-01
3.689060312572427502e-01
-2.422185885167924546e-01
-6.983681867069018168e-01
1.209560255650632410e-01
2.118436557220321481e-01
6.919212943106733960e-01
-7.529191417233724315e-02
3.658301108889778774e-01
-6.245066458313879298e-01
1.637093444274229093e-02
2.904717105871502669e-01
2.174583830581929833e-01
7.558583074700082616e-01
-9.433056027170252378e-01
1.536565462353078060e-01
4.217304624838446592e-01
2.739374852090255552e-01
7.104308542085455702e-01
3.819793172806286163e-01
4.501371104812404988e-01
-7.254976568685786997e-01
8.122871694860922531e-01
6.942218118080045741e-03
8.187088445084129695e-01
5.337056509443562913e-01
-9.921388769685925979e-01
-4.471450974317323634e-01
-9.904141075382575377e-01
4.243928252208142293e-01
-4.341225992242696563e-01
5.453695328569343470e-01
7.324855467902815498e-01
3.913355376014178155e-01
2.845642131350448745e-01
-4.758428629800798837e-01
-4.034960654966278093e-01
