&average_mean: [-3.7929309  4.7799333 16.0064324 24.7767189 28.8994739 30.2865652
 31.3603437 32.2277215 32.7918868 33.1477556 33.9054784 33.7832695
 33.9233808 34.0519252 34.0668275 34.2376963 34.3716856 34.4154371
 34.6474479 33.7499254 33.8125073 33.8665075 33.4938244 33.7679986
 34.0750968 33.979657  33.8444139 33.5899285 33.3919589 33.2912666
 33.0996972 33.0863931 33.1451566 33.0342404 32.7572006 32.9868606
 32.9310844 33.1083615 32.6659432 32.9014886 33.0228793 33.0781411
 33.0957834 32.7551501 32.7928703 33.1452261 33.2970882 33.1774364
 32.9837596 32.9847271]
&average_maximum: [32.6681905 39.9394485 49.8732574 51.873643  58.1281828 63.8019915
 61.7908121 61.1911388 59.2322634 60.1254178 60.179008  59.0096937
 57.7370844 60.492253  55.9122701 57.2995933 55.9570642 54.5988898
 54.6946181 53.2998225 54.1447072 57.7407938 54.7068961 56.5224772
 55.9709945 55.6443846 57.5228541 54.2565531 53.1023742 51.658678
 57.2074179 52.1430581 51.1354131 51.7180551 52.4974129 51.2182577
 53.7205894 52.3286598 54.7165245 52.1191975 52.5928664 53.8673335
 50.5370385 50.3885781 51.9173996 54.0923981 54.0946153 52.404247
 49.7464111 51.0593654]
&std_mean: [0.71814011 1.86395606 3.46597384 3.02854156 2.26828004 1.86876967
 2.10588729 2.65033027 2.68179378 3.29044065 3.92243083 4.11126416
 3.852477   3.64860245 3.63770121 4.82284659 4.75804401 4.37425023
 4.24656368 4.04683871 4.28650878 3.8504072  3.64575822 3.78430369
 3.59831874 3.39592245 3.36463017 3.43975233 2.66213541 2.91117806
 3.41549848 3.81887654 3.50520918 4.15077075 4.44842117 4.27769352
 4.01678613 3.87884946 3.71820129 3.385293   3.33240234 3.14167719
 3.13064764 2.75597968 2.5989099  2.73443738 2.42807343 2.61251775
 2.43937667 2.8164092 ]
&std_maximum: [ 5.98635816  9.82726857 10.32891912  7.93163736 12.95682195 12.11125578
  9.21659035  6.36041088  5.77497566  7.96781225  8.55761474  8.60827713
  7.31182339  8.30794413  7.41613103 10.02390959  7.42632878  6.97125326
  4.89037164  5.30582519  8.33607425  4.12817038  2.78520415  8.45156078
  6.25081438  5.85645575  7.89064604  6.26147163  3.24368735  3.08503464
  9.33680018  5.69685847  3.51644204  6.47226785  5.04643594  4.61765994
  6.93304601  7.70721528  7.78333601  5.54740678  7.79835029 11.78926108
  4.97827885  3.89330574  7.22637111  6.39264238  7.20908608  7.29225795
  4.270583    7.70936568]