1.247927724994781773e-01
3.897203343439182843e-01
5.310289285649627544e-01
3.459363190767054952e-02
-8.825767851402424036e-01
7.370829061151004113e-01
-5.569698448897369980e-01
8.403209542714363822e-01
7.970636065649602253e-01
8.564471505231828763e-01
-5.675332683160934089e-01
-4.660038721083457625e-01
-8.382019187638126700e-01
1.670843181069695538e-01
-8.179849979265277904e-01
8.920363397339724498e-01
7.199700849866833563e-01
-9.557922486794797612e-01
-5.909519072346199886e-01
-7.098313591268974321e-01
-5.558378615915845339e-04
-2.620002015726366484e-01
4.151944870407077715e-01
-1.000000000000000000e+00
-4.961677578555085955e-01
7.500451036623427825e-01
-4.166876337318118351e-01
1.000000000000000000e+00
-9.635505224994415086e-01
7.473420216267290250e-01
6.581548198436754094e-01
1.799671941833832362e-02
3.880313775115619146e-01
2.681004212572705714e-01
1.000000000000000000e+00
2.942451866438135499e-01
-7.827293616417865252e-01
-3.436980349306831967e-02
1.208316845554715802e-01
3.409864512528545388e-01
-3.927125080437739446e-01
2.519513001941836583e-01
1.000000000000000000e+00
-9.047761371849273593e-02
-4.433082178044290833e-01
5.232723299396452310e-01
4.021936909508714297e-01
-4.603064954517242513e-01
1.096914579980030890e-01
8.423044502030984093e-01
1.000000000000000000e+00
-1.122364816318687647e-01
-7.812228514919845601e-01
-8.366283325828075546e-01
-3.338766759576005660e-01
-6.666646681662157237e-01
7.722580667331474524e-01
-7.382325972584334872e-01
2.470250518984618698e-02
-6.536677770442171909e-01
9.868966288551646038e-01
-4.620254349824991502e-01
2.359940485265383803e-01
7.704024193454661606e-01
3.950210710887367971e-01
-9.150851665120796063e-01
5.434093607136784021e-01
2.490021664705467375e-01
1.964568746647263331e-01
-9.744272515925299638e-01
7.568915703743017698e-01
-1.000000000000000000e+00
-1.310196458226256522e-02
6.282171891687161613e-01
-1.857101147733973556e-01
1.573368550289413748e-01
-9.143811340103006335e-01
-5.043884641371976230e-01
-8.245645740106393173e-01
2.993526925779177450e-01
-1.000000000000000000e+00
5.120918901996057704e-01
-3.409582916141411513e-01
6.380751740257500915e-01
-3.729386920580133463e-02
6.491097648141358478e-01
4.295501199872533427e-01
4.900252695981723861e-01
-8.474076412298561234e-01
-7.757763135657758102e-01
-6.519691047940193718e-01
-5.304968710674753396e-01
1.000000000000000000e+00
1.000000000000000000e+00
1.000000000000000000e+00
9.433435100828266862e-01
7.261219496259180284e-01
3.890102854756949391e-01
8.187678265519250376e-01
4.071165278295916234e-01
-6.148585328378874948e-01
5.433816467563591379e-01
7.346991396430848642e-01
1.797188665219621451e-01
3.967227530707620464e-01
9.505461507542403155e-01
7.720533229798762775e-01
-1.000000000000000000e+00
1.478596926244598597e-01
-2.221250103697125500e-01
4.043253473689915056e-01
-1.000000000000000000e+00
9.532365672980703808e-01
-5.874648853573086749e-01
-9.423479143844047945e-01
-1.675826458096189298e-01
-5.252740659138610546e-01
-2.061278194825728327e-01
5.627880434854760638e-01
-7.070816152133736487e-01
2.707929249361249596e-02
7.752903443646297355e-01
9.204268134662786371e-01
5.420627060387048779e-01
6.084876745337030046e-01
5.813556778524350266e-01
2.535080853199961348e-01
4.737142668252595779e-01
-3.100165693226011321e-01
-6.330403168052936014e-01
7.406932898454379188e-01
1.000000000000000000e+00
5.860183521441659771e-01
-7.902330368262443505e-01
7.584806087908486649e-01
-4.261401380409074457e-02
-2.603924474435901359e-01
-5.709714804469192551e-01
-1.000000000000000000e+00
-2.927855493737484549e-01
7.093052539640151699e-02
5.538794139099486591e-01
-9.744105302623373710e-03
1.000000000000000000e+00
-4.277721719378136389e-01
-8.396367367335672016e-01
4.343215526103499369e-01
6.487422405720488783e-01
2.146889198758539230e-01
1.000000000000000000e+00
1.472991404859785025e-01
1.456109612818064919e-02
-1.409297881875884728e-01
4.208603715074866747e-01
-9.290028312700885360e-01
9.910441056469733168e-01
-5.767320737890068161e-01
-3.070409586502013954e-02
-6.225273689078619777e-01
1.358872822115114176e-01
3.204086001771223047e-01
2.825310200043927855e-01
-1.439677570459862999e-01
-3.123037081696787842e-01
2.774333584958157961e-01
-8.536001799704142634e-01
-3.852847396952067127e-01
3.435365315484192328e-01
-3.617736174273352562e-03
-4.269073953558725765e-01
1.679076776575312568e-01
-3.064880493984586951e-01
-8.036235264859787897e-01
9.121802666489865485e-01
-1.657478760574904175e-01
-2.619573830967448780e-01
-4.225235948545325720e-02
5.071607681132938028e-01
6.166212470136645668e-02
-4.673385830134376695e-01
3.140368270903461378e-01
2.624072271946239487e-01
1.098722630519560206e-01
7.471832908584287170e-01
-5.482995050606510601e-01
-1.482502230334809511e-03
-6.610311917832042417e-01
-7.823757403486052420e-01
-5.499952998152066730e-01
6.811052452315310424e-01
-5.858782273617959557e-01
4.259861750619824972e-01
7.929379793452873137e-02
6.120686963499405442e-02
-4.710645017354405106e-01
4.934767007234457936e-01
5.465649054676113838e-01
1.644273452619593179e-01
3.014810366147789855e-01
5.408215348664283662e-01
-2.830006441950919105e-01
-5.496494796005844119e-01
9.241106490646316951e-01
4.050106844066712619e-01
4.751973615291560371e-01
-6.024966480614728503e-01
-4.512388070112524630e-01
-7.687498400662006182e-01
2.494186896816005805e-01
-7.822695626353329823e-01
-4.825685949343972991e-01
-1.995057757728178893e-01
5.273386501975020346e-01
4.967995517224759183e-01
8.096944301452785320e-01
-8.238439981897376363e-01
1.388358055715943895e-01
6.180758868719141708e-01
7.665361841272670951e-01
1.000000000000000000e+00
-9.238376363348905773e-01
-1.490490650582825816e-01
-6.862810695934194738e-02
3.835849709306738409e-01
-3.490622753491994246e-01
6.806655797809973985e-01
-7.578159838839138018e-03
8.162007668729610588e-01
1.000000000000000000e+00
-6.325209949264670728e-01
-8.321796781420716105e-01
5.940930911375177370e-01
7.695738373888081352e-01
4.829824758223225101e-02
-1.000000000000000000e+00
3.347517611394624781e-01
-6.108943395752760575e-01
1.000000000000000000e+00
7.942354778699860229e-03
4.214662579868122538e-01
-3.813826489543301057e-01
3.622521227939708433e-01
5.160417155850588466e-01
8.112772302558002302e-02
9.109568390408550043e-01
-1.000000000000000000e+00
1.118719965150467288e-01
-6.582221307727290083e-02
5.604564868654097198e-01
9.064167754408358757e-01
-9.391961217261467487e-01
-5.468388948419816709e-01
-2.006587202902165301e-01
-5.360263398474904850e-01
-1.382774100004886819e-01
6.391169151568021345e-01
-8.129686101448675428e-01
-8.687476404765505089e-01
-6.035986458068381966e-01
3.566879758708128567e-01
1.595727235120817378e-01
1.199105579764139090e-01
3.289141623193010955e-01
-1.458881022205907874e-01
-6.581618373888151741e-01
