-5.869837010428224922e-01
-3.074132168001024734e-01
-5.061886613344207531e-01
2.281033342474769188e-01
8.875959836593995123e-01
6.849879483918304146e-01
7.535309797790225028e-01
1.700372431440360377e-01
-7.936348124481961142e-01
-2.244247061717599689e-01
8.926371548876989026e-01
-8.130901025368855173e-01
-8.821261966104074759e-01
9.591744467213741965e-01
-2.732746524427857593e-01
-6.397226715389814355e-01
-7.375267087994247239e-01
-9.591946475888176726e-01
1.379882468574077092e-01
8.258879690953813135e-01
6.583264492752555208e-01
7.900670299266100427e-01
8.162308086344380320e-02
-9.912104426692437409e-01
-3.056271559434252105e-01
6.881268324206675224e-01
2.382012327794992834e-01
-8.121569358806249861e-01
6.153357031939968858e-01
-6.988141558248337493e-01
-7.099451911329616172e-01
9.929702775360804701e-01
9.885521635865444079e-01
-1.875981516784752667e-01
9.192460423803268110e-01
9.891633867317544127e-01
-5.703843552042445753e-01
2.004318718801091290e-02
3.214412321629722680e-01
-5.117413559205671869e-02
4.663237706281471717e-01
-2.461019825191285704e-01
3.539678247498671826e-02
2.385854301847013109e-02
-6.213823100984773307e-01
1.083662595074637650e-02
-3.085345859676966729e-01
-2.443327659119502449e-01
-8.183539532449947140e-01
-3.116499926635692419e-01
-3.575808269598262923e-01
1.358242445557150853e-02
5.614270189817007622e-02
6.572998175778714813e-01
-8.545971513664785135e-01
9.995222715412244163e-01
-7.828444098198211742e-01
-4.402454825156223994e-01
9.117038516491354772e-01
-1.720458963485728132e-01
4.311850140889574301e-01
-3.968105162755840576e-01
6.605812914181034001e-01
-1.532721622069613959e-02
6.558177526953616610e-02
-8.724593451977163960e-01
7.372733777620454898e-01
-1.393501764332693016e-01
-9.224434534212462289e-01
1.529754879416565516e-01
-8.925409536473177807e-01
4.092558522994567682e-01
-6.180877728401095172e-01
4.522403962969507862e-01
-2.996808503794439194e-01
1.213357190360056376e-01
7.175473561872376393e-01
7.614821451312725475e-01
-3.967426093584548036e-02
2.303387898054635452e-01
-1.178550256112216588e-01
5.047166605084458801e-01
7.963982244581361281e-01
-4.116492255388820576e-01
-4.172351421853996989e-01
-8.111186454383778610e-01
-6.832421292165816729e-01
9.329815054857025780e-01
-2.764246699468912438e-01
5.625654217906177479e-01
4.908046412534609049e-01
-1.238368743360759167e-01
3.535968490253031948e-01
-2.587819288084325375e-01
3.658887243037816650e-01
-6.123357006094372057e-01
4.416490506306505748e-02
-3.816190458666138818e-01
-1.740604220733896756e-01
6.763155445758747830e-02
5.578699950319678802e-01
2.823689958014605761e-01
-6.280236991096895816e-01
9.999459192929638363e-01
-7.810348687863010175e-01
2.803456720989551225e-03
3.305629290951966337e-01
7.683066189512739452e-01
5.107878290285168266e-01
-3.312427475838669588e-01
6.304747236886892869e-01
-8.514336790320555792e-01
-9.867106244185954722e-01
5.941964877837754289e-01
-7.427906808021966789e-01
5.600540783357542685e-01
2.963315319906070777e-01
9.077776160034071173e-01
9.594859232112581404e-01
9.273118775237615408e-02
-1.848574967762141863e-01
1.195756667693795711e-01
6.860825173845315206e-01
-1.184057093833226076e-01
-4.580277097065746927e-01
3.769113004272658940e-01
-1.832397122248365373e-01
6.210394388952868994e-01
-9.745564430601685313e-01
4.229122729349674703e-01
8.476504666182522740e-01
5.845561785054883552e-01
-2.385561140915480882e-01
-9.828286337313234533e-01
-8.547144332858803983e-02
-8.190137600366071968e-01
-6.236478207061909584e-01
-2.637636703430726870e-01
1.622108767569067911e-02
6.727857656685988230e-01
3.039796924554019619e-01
6.590573089787847838e-01
-4.941983292319254706e-01
-6.694127339819302414e-01
-4.343588469764247950e-01
-8.927786276876068516e-01
-8.897423946981373177e-01
-3.084756848612501545e-01
2.505483518390068734e-02
4.573173751365155471e-01
9.864560636379259007e-02
-4.599758052910914441e-01
-3.970264128972491036e-01
7.681819379118932645e-01
-2.572663315773824899e-01
-1.845997412984452107e-02
3.949264910579737831e-01
-6.651281279136985747e-01
-7.338108687866562452e-01
4.072096088186247242e-01
-7.022363647561880029e-01
-8.853790474121575604e-02
9.992380242623170872e-02
-4.494798277640409401e-01
-2.291381523279702181e-01
-8.548725943891667400e-01
6.118957216891633966e-01
4.714894497007432461e-01
9.289639955567342566e-01
-9.159886916738876339e-01
-3.445360906487561770e-01
-3.408425559562948126e-01
9.869493247259534252e-01
5.176756124908153955e-01
-1.119544418612779257e-01
9.626974666388041779e-01
-6.950909460906850024e-01
8.734828531723922707e-01
-5.343283515039193255e-04
-4.452299108412942630e-01
-2.687996528187930889e-01
-9.521587876977373188e-01
3.179769816294882867e-01
5.363258489232674009e-01
-9.860654638133614647e-01
-8.592619792668290124e-01
-5.355432382360909571e-01
-4.686625598821625438e-01
-3.002665537699998888e-01
-1.064159823922814635e-01
-6.632134182040736459e-01
-4.484129942131888646e-01
5.087256802740803829e-01
-9.007198670033088606e-01
4.440841103451382832e-01
1.074728481836742106e-01
-3.140437454962011765e-01
-4.949520593587035111e-01
-9.867444214129512670e-01
6.748180391983713555e-01
-7.265829984928562357e-01
8.847436091111497980e-01
5.066711093034674818e-01
-2.452161637327116839e-01
2.381531968765018825e-01
4.525358700426936887e-01
-5.102647806211996206e-01
5.052131178930308053e-01
1.863143745579452226e-01
-1.771570184680914539e-01
-1.392691086442284509e-01
-1.974872558071399387e-01
3.166460845478154956e-02
3.782566560170859682e-01
3.007694202618214629e-01
9.409571985726814525e-01
-5.033200753208721956e-01
5.035828196428064896e-01
-5.652478538897739435e-01
4.674606777426254522e-01
-9.719149536073723450e-01
-2.165377760067571655e-01
6.445161599994462254e-01
6.149239288759438260e-01
-8.651155978850053607e-01
-5.001323276160878351e-01
7.282298164672850183e-01
-8.151919516303589575e-01
4.922050147109688356e-01
6.102245163729227428e-01
-4.295841348173805585e-01
3.391984968336101414e-01
-1.106783604323312020e-01
8.822543013507145870e-01
4.252608162898478122e-02
2.238291791899713890e-01
-7.927206470808095817e-01
-1.073740913287429821e-01
3.979565211137351399e-01
4.311188508571846267e-02
9.778157180511208857e-01
-8.152598250765792365e-01
-4.462876322845484856e-01
5.147814147592677525e-01
-4.744106059693706245e-01
-1.785570807031998108e-01
-3.802824992251284120e-01
4.693800443079076401e-01
-2.934267621600120668e-01
6.154217725221763358e-01
-4.445337807481202774e-01
-1.125122773795121794e-01
3.627006133897108797e-01
-8.216752370206945599e-01
4.143484601125015099e-02
-2.864828931092419650e-01
-5.605095918740823357e-01
4.760944285529254416e-01
6.813282458910282502e-01
3.365648512522483871e-01
-7.813651483682058085e-01
4.236177813281382654e-01
8.997454065461593098e-01
2.214145404991295640e-01
-4.707991137037835228e-01
