-9.269644654534590078e-01
9.623249297636989885e-01
-3.931335982244456018e-01
2.635171409417771393e-01
-8.711987080867835687e-01
-6.703453302536270808e-01
8.081715962295984435e-01
8.340448445763770646e-01
-3.150419736734504372e-01
-8.678396593437680551e-01
1.863840358312096601e-02
8.280393181986307471e-01
8.219103236881643015e-01
2.538216522950236254e-01
8.211991161594185407e-01
3.841416389556513433e-01
-8.149057023612424899e-01
6.983545644157029830e-02
-1.199661097895117212e-01
-4.563494350799299770e-01
2.141513104736818551e-01
2.056929626328454219e-01
1.135100109272713098e-02
1.414112232090869448e-02
-4.522119116934448790e-01
-8.111988205034224020e-01
-2.034868317150939632e-03
1.212460158128614296e-01
5.348659610283666987e-01
-6.234013704456253802e-02
3.146815086807058237e-01
9.736000485550657668e-01
-6.642416659991527972e-01
-2.383691457111529743e-01
9.432835299181909772e-01
5.379742908432683102e-01
9.363817394907747449e-02
-6.429590910809031001e-01
6.428955406560455943e-01
8.722486203686845574e-01
8.606770829480514529e-01
-1.897295832862127551e-01
5.836100150047058843e-01
6.585701407834732013e-01
-9.576676821118370597e-01
2.249957926556069854e-01
9.237243687322368446e-01
-9.037472960078145601e-01
7.356415447760860093e-01
8.147523504668471306e-01
9.244175460134582689e-01
-5.889567606283026002e-01
6.613871958351977831e-01
-6.109203668153717626e-01
1.211210579048389580e-01
-7.752065619134624885e-01
5.277890180499644757e-01
-7.134615295022791459e-01
-9.897471617098925201e-01
-3.342445441537416073e-01
8.792032704755690098e-01
-6.595387715722089705e-02
8.787253545192701409e-01
4.784383750314031292e-01
6.354054454290671838e-01
-9.620183883964421589e-01
-6.591319610277779351e-01
6.509723137672998039e-01
6.899365381621724858e-03
1.396924013127986974e-01
1.983326690132545256e-01
6.956250366899465742e-01
2.502299416160691514e-01
-3.962555385668627417e-01
-1.106822274711068144e-02
-5.714802078818573827e-01
-4.270214402236289786e-01
-8.777777049634316597e-01
3.877981138964232688e-01
-5.791887145164247297e-01
-8.239878914042646496e-01
3.507160810392420114e-01
-5.797568884393896615e-01
3.213725719942271963e-01
-1.146180113207976303e-01
-2.565026977248111573e-01
-6.644634329974996589e-02
7.985437652337629144e-01
-4.639787529282910494e-01
-3.349642448480687484e-01
-7.229987276342431102e-01
9.227851052304130164e-01
-1.118145201262121802e-02
-9.630521242193609277e-01
-9.210616724945086542e-02
6.457977917750350461e-01
6.463870245585806584e-01
-1.078162921288561282e-02
-4.608364306331655946e-01
-6.086346430051433609e-01
-6.789470766430364401e-01
9.449004807646890214e-01
4.345867203198381379e-01
7.775464734512904652e-01
6.347712980003367145e-01
-8.257115149304045110e-01
8.520171217586089973e-01
7.379578113719411636e-01
6.950475814740786351e-01
4.840493089005958316e-01
1.252375789885102897e-01
9.936114374460323084e-01
-1.564251087935917273e-01
-5.468627359615976791e-02
9.407676344089612730e-01
3.265536575561611699e-02
5.771045281105839919e-01
6.815464378160785985e-01
-9.426495144193325348e-01
9.088654389285343305e-01
5.789194788036813311e-01
3.284980293290671316e-01
4.734282145691361965e-01
-7.545954348724018823e-01
-1.811208605330627830e-01
-5.973251616267245545e-01
-2.352475941982623553e-02
4.870468035248550209e-01
1.245957544803318884e-01
7.194479178718005130e-01
-8.229175434300681768e-01
-3.178085199132592020e-01
5.536770511004603934e-01
-3.663386154474655987e-01
7.517276762158424663e-01
-9.366916448545057339e-01
-5.934872379482957205e-01
-3.033424581679703413e-01
3.980512250500201077e-01
4.170797320062768487e-01
1.179887762477608848e-01
8.118645703721638629e-01
4.510849349617230830e-01
-9.652650552197084011e-01
-5.919694049770934940e-01
5.010883296322095060e-01
-9.032498241232025382e-01
8.571864637996278180e-01
2.009602930622039763e-01
2.020166161200231958e-01
-5.280984881407657650e-01
1.192358188257556795e-01
8.697854310906247832e-01
-5.118971000889391831e-01
-5.661619771135184553e-01
-2.358579152105462207e-01
-4.206317134977067829e-01
6.137417834522977955e-01
1.800753718188073949e-01
2.005295515248810556e-01
2.016216660599563504e-01
6.597843194085357688e-01
-3.406691324839511426e-01
-3.852664898972177898e-01
-7.413729497240697519e-01
6.568696687471822226e-01
1.759428761028080102e-01
4.527363465106162277e-01
-1.816751105040209646e-02
-5.800796581251144168e-01
-1.233824017985378219e-01
3.669147836153396902e-01
-1.013102444458764406e-01
6.086389601926633919e-01
4.383982163070356819e-01
8.371428195193957311e-01
2.993044310412692477e-01
-9.880252918088268110e-01
-6.681652351582287874e-01
2.134095238483177948e-01
1.389276753420864985e-02
-1.213881336313979986e-01
-3.608217656701278031e-01
7.000720013352703663e-01
8.312407591514765492e-01
-1.242955444362510153e-01
-5.908714097903918772e-01
-4.699954916003834526e-01
-1.514171029665869195e-01
4.011154065198700991e-01
-3.695647152682433045e-01
-8.295933704859126401e-02
6.882769910258005330e-01
4.837082032757554217e-01
5.027365457315313702e-01
3.783310850648440304e-01
-2.363725214450096423e-01
-7.156737322669234347e-01
-1.490117704425936163e-02
5.912653353245822530e-01
-6.675444891586534979e-01
-1.535656448128470686e-01
-6.934772619328996024e-01
-3.398206772301823886e-01
2.070792308331636522e-01
-5.982958158232030144e-01
-4.661286901720536058e-01
-9.100243142197435020e-01
5.095097131527377421e-01
8.049182828449799043e-01
-8.662600743857595820e-01
1.931659685705579277e-01
4.015034462343298749e-01
9.631178658177175222e-01
6.942064634985283256e-01
-3.494333150076034400e-02
-5.141847453413785907e-01
4.786079719402297483e-01
2.946465501227382155e-01
-7.789441301073544155e-01
6.623954125617007582e-01
-3.336830525047933538e-01
1.245311709273446699e-01
2.364110324678267427e-01
-8.530866998749033758e-01
-8.464890875945496607e-01
-4.822818156256585276e-01
5.225941582136920394e-01
-6.546119992180190472e-01
-1.876248345896183167e-01
-5.319519701545530888e-01
5.624478311440239686e-01
3.980031672864253744e-01
1.575783062596769479e-01
1.711520447303561676e-01
-5.935279240885520391e-01
9.271024922154345038e-01
-8.551201839555420126e-01
7.921306591532782937e-01
4.809863597479188679e-01
2.383074175224800806e-01
-9.841928745606314255e-01
7.615001636278907471e-01
4.108097303182027260e-01
4.151005092076726077e-01
-7.242716800577659875e-01
-9.579825107427248909e-01
1.717127516165883883e-02
6.337046172642446518e-01
8.926090032227245175e-01
-7.998636363243278868e-01
-7.154990953641684470e-01
5.478290247305530603e-01
-4.973206952535471626e-01
4.880741007266684583e-01
3.693736295840970296e-01
-1.476477798254809404e-01
2.338644896367239046e-01
1.070529170412186093e-01
6.257360794312050167e-02
-9.579068318914771840e-01
9.619149213314943658e-01
-3.400248413129711711e-01
-1.940193044455666982e-01
5.407557237255234961e-01
