3.262951902736112020e-01
1.409298413901751423e-01
-7.103706924142947354e-01
-8.030649376147291907e-01
-8.943365696650552588e-01
-4.806822500890017280e-01
1.380151742039127105e-01
6.002323403373635013e-01
2.379502960413256707e-01
5.939036237516518435e-01
-9.714006287766557834e-01
-3.471482793228712893e-01
2.587291010544769398e-01
-4.230855374483803444e-01
4.693005894300356778e-02
-3.274003977067280191e-01
-1.773247705090423842e-01
-5.673697375899305895e-01
9.339662199192872993e-01
6.856463641816958887e-01
-1.287367578133317980e-01
-1.476172045632695995e-01
5.735399120193068745e-01
8.683211192085313890e-01
-6.344375074458064034e-02
-8.423270381025658171e-01
6.909985707197953131e-01
-8.925751643597865659e-01
3.226489665130856388e-02
3.483359138483548834e-01
-2.257786830446357473e-01
1.744963198916462954e-01
3.544488560149816059e-01
-6.497364188973259180e-01
7.124155115552710527e-01
5.632002538883744691e-01
-1.879804928051782009e-01
-5.827230072633267088e-01
-1.462808531870485318e-02
7.152576877357839091e-01
-4.329319052475276153e-01
-3.948567654153709583e-01
6.237373183148159361e-01
-8.041562917585087789e-01
-5.953765233225543074e-01
9.586493902946092716e-01
3.410329911923885016e-01
-5.275188372294672412e-01
-6.258436521114366657e-01
1.651357269211953804e-01
-8.115377403179850901e-01
4.485620182615460139e-01
3.085536077494757667e-01
4.408114626972840511e-01
-7.341081352328058252e-01
1.953799175041786018e-01
8.420668978750893707e-01
5.350815053039463809e-01
-9.121332935007204767e-01
-3.735901468627128574e-01
6.746961538193603225e-01
6.771647188348445257e-01
-5.107700577527171104e-01
-5.284937234555507901e-01
-6.422323908554016247e-01
-3.488791933375039456e-01
-6.030914051840254864e-01
1.456533522228528332e-01
6.911690747459150463e-01
9.999682250780609349e-01
-4.108158220525874316e-01
-4.693796666836041465e-01
3.581441181976808830e-01
-1.446610781523516021e-01
5.418149678191852558e-01
5.283162930251574657e-02
-3.572169950555605378e-01
9.592216578458452325e-01
-5.963016192713554986e-01
-8.037739616912034091e-01
3.075233796690570731e-01
-4.589155785338731031e-01
-8.002611140082382946e-01
-7.349917107815449047e-01
3.811020807851633330e-01
3.406242162476461610e-01
-1.642951345468902924e-01
-8.260480144017050552e-01
-3.815547920853938901e-01
-6.456602293050840435e-01
-6.546993288251097276e-01
-4.888334602897972947e-01
6.883600720235624193e-01
-6.776839105974600264e-01
-7.542937663986969410e-01
-5.511581300328357580e-01
8.987469845625112308e-01
-1.950523216681946670e-01
6.402033494517712642e-01
3.716530835318003212e-01
-6.598709539997558160e-01
3.493535399236354921e-01
1.287679161807599726e-01
-6.987610816853202511e-01
-7.546639522250373489e-01
7.508406922444260667e-01
-2.475466673399280837e-01
1.636051333394688001e-01
5.989554948352029395e-01
6.933433170358053177e-01
-2.947310825849661642e-01
5.325100464811132195e-01
-3.933734027923251331e-01
-1.567509749779437134e-01
-9.209650301695423424e-01
2.037826730891004190e-01
1.522410942817660207e-01
9.024279684921884259e-01
1.196160040696144927e-01
7.071501222623884919e-01
5.091984404329792380e-01
6.230948445571597993e-01
-6.831270031859795200e-01
1.090651862835453068e-01
7.071174358062454202e-02
-9.830858230758346972e-01
-1.868156371863499421e-01
-7.879475237954107758e-01
7.991967250927315414e-01
5.851802961559354754e-01
1.198339462817280404e-01
6.037238193922862123e-02
-1.014071904343504804e-01
8.217624910299243801e-01
2.672590577150133484e-01
5.651660796407215193e-01
4.787902438220397600e-02
-2.840158184274714781e-01
9.116399304023778405e-02
3.983529971450672780e-01
-6.974857663695641641e-01
5.294599997370294520e-02
4.504273504518069987e-02
4.420358389402705424e-01
2.367184959832602797e-01
4.301826287379566516e-01
5.182065978061677347e-01
-8.266287939964640508e-01
-4.957408210309656726e-01
-6.228031207667102942e-01
-9.231016036423451698e-01
-2.640508046051578406e-01
-8.545234098010509038e-01
2.098377394013704322e-01
-6.683927906936814045e-01
-9.518040320017836509e-01
-1.024467969907054132e-01
-9.250515267625335492e-01
-1.678961922278765784e-01
-3.749521401199963633e-02
-6.470967520751792490e-01
3.893137160060988755e-02
4.228670754248124719e-02
-2.125977855099459024e-01
4.879130413850812364e-01
-3.415365816797885645e-01
-4.486770978153003520e-01
-1.303509903042599782e-01
1.649279638931234193e-01
-8.649901668299602164e-01
4.630836969453617225e-01
4.780824861453272234e-01
-7.308878510940614026e-01
-5.239824713308700588e-01
3.501217110703175872e-01
3.776862760372166061e-01
-7.170347127871726789e-01
5.877994498709343540e-01
9.691693109011065843e-01
-8.393756851755165282e-01
-2.375693742192605262e-01
-5.810312568750649609e-01
2.134813399832983793e-01
3.382454909044821378e-01
5.375338097896743550e-01
8.240177543394442417e-01
3.512771885341068878e-01
-8.045026302612768854e-01
-1.735128228579064791e-01
-7.554077566349138850e-01
5.909434250288908563e-01
5.122282326775867700e-01
-1.126684397830379908e-01
5.873368818003233960e-01
-4.741637153655558490e-01
-4.009814565306778905e-02
5.501995448230455610e-01
9.137906951024742375e-01
-8.955985064287461106e-02
-9.474768411897300791e-01
-1.364883601217118381e-01
-7.589138398159690491e-01
9.973427594043424715e-01
4.793137008780969932e-01
-2.699529148906604226e-02
-1.452225511527192037e-01
-2.942411388672429018e-01
-2.890331455829797114e-01
-7.794440900165515718e-01
-8.461308574938415650e-02
-5.716821079483157958e-02
1.046690029612178663e-01
5.532868412022085014e-01
-1.376566978953286946e-01
-6.957623858273092043e-01
2.120369942489085668e-01
8.247084121346939245e-01
7.342455473996828408e-01
4.802142068201535885e-01
-2.617674608329474406e-01
-2.163189114153264703e-01
-8.186185306378318538e-01
4.639993290974060436e-01
9.008255613455644628e-01
1.103781725058407964e-01
-2.376799268817291200e-01
-5.711334910231425921e-01
2.215641084729708110e-01
-7.619155412801291438e-02
-4.761005445039746542e-01
-9.643264760680189673e-02
-2.145422197721609525e-01
8.055732732681161190e-01
-3.008973812813398041e-01
-3.395712704275680172e-01
-3.147185632848302217e-01
-2.549782857477729259e-01
-3.656546088383546556e-01
-4.933329767733916071e-01
-2.952654752335375776e-01
-2.699121544070157697e-01
-6.449799390468128335e-01
4.968181528221485982e-02
-4.697841915747901220e-01
9.570223992287260062e-01
2.390108525475657941e-01
5.398777087370326688e-01
3.538805918411553342e-01
5.106881858209262326e-01
8.347682191298962939e-01
9.817447399975971489e-01
-9.845541404475137703e-01
4.596756625666935658e-01
7.991291926053720740e-01
-6.469968449140912625e-01
9.424027859201180440e-03
5.099546820539926362e-01
8.545119066998967394e-01
-4.463644254918850557e-02
4.131831227966280551e-01
-7.348226034596235801e-01
1.143154056991675521e-01
3.159570924807523773e-01
3.964233086016762941e-01
4.431299161671838349e-01
