5.295137430217145003e-02
-7.117665978820124639e-01
-5.587901836861444149e-01
-1.823126965917198916e-01
-7.970341982093424038e-01
6.454938507528993341e-01
9.525170245541982883e-01
-4.142256176408762869e-01
-3.762083683573729243e-01
4.757334202231073839e-01
7.791757581856579851e-01
1.044311509078615918e-01
-3.838865774715038981e-03
1.667862528806149935e-01
-8.058631997601359842e-01
-7.620402786405977569e-01
-7.649244746226691039e-01
-4.460281575813740407e-01
7.542389963406170850e-03
-4.508122799024378846e-01
1.680305184183805700e-02
7.401176704681202700e-01
-2.433267676710295646e-01
7.946493550051321186e-01
-1.910574977034659172e-01
-7.678837002526532896e-01
2.274009920703126131e-01
4.752498067541816029e-02
2.302582207277081849e-02
-3.469103447470940349e-01
3.938928287149994212e-01
8.482166109327695658e-01
1.153961516167513190e-01
6.747035451285096630e-02
-9.373432814448390271e-01
-3.042476254331264451e-01
-2.250404982708911206e-01
7.990223783963981141e-01
8.104087389613602310e-01
-2.225990571205558322e-01
-6.279397676490805491e-01
6.935122368609203392e-02
8.640038501597346876e-01
9.102396449638572307e-01
2.043501300476746607e-02
-5.914619170441950402e-01
-5.103579852145982976e-01
-9.134817690706709126e-01
-7.374424918308997157e-01
2.462261136695124697e-01
-5.636407055668383181e-01
6.504125720056507243e-01
-8.467988633009357335e-02
9.787880919891558396e-01
-5.279011351099671678e-02
6.168988100529850804e-01
5.700625826384269068e-01
4.167007132772928557e-01
-2.143478912983221296e-01
8.025922399129059581e-01
5.155069977076867094e-01
-1.451705100348665844e-02
6.337901727060442081e-01
8.801020423974221796e-01
9.178772019366892021e-01
8.829421662650144276e-01
-6.569964482452629317e-01
1.182491712448892063e-01
4.478334251684670253e-01
-3.519419429411241307e-01
-2.222353148195794770e-01
-3.915589364395848926e-01
-7.791374896964200492e-01
-3.933653363499471922e-01
-3.249142875124566565e-01
-3.184574426391817425e-02
1.559095642174608831e-01
5.519085357131700009e-01
3.882277175385125956e-01
7.073515804873617974e-01
-8.301336033083002164e-01
8.728492654679154139e-01
1.704818241039243176e-01
-3.396845333890444740e-01
3.472366190170428357e-01
9.762584243720984212e-01
-2.130784608033632344e-01
-9.625720019194866639e-01
-3.965079417841146370e-01
7.721613663498685387e-01
8.610032458095387420e-02
4.321273206167071113e-01
-2.357748673325213429e-01
-8.828211651206323562e-01
-2.012900197642781830e-01
4.138760918050161663e-01
8.371731695145571139e-01
5.218735288218987467e-01
-9.245976461960155879e-01
-3.517278470106914856e-01
1.729079021783324066e-01
8.171104991188988809e-01
8.196415629575577455e-01
-1.173965107170841238e-01
-9.866800715447543446e-01
6.479699221696013645e-01
-5.311830759637112820e-01
2.982397105369154477e-01
-7.035298922324020321e-01
2.158371072368305832e-01
3.163557944340132377e-01
-4.176512702428203383e-02
-2.108333084879669972e-01
2.320975795517097318e-01
8.698873397462880686e-01
-1.841292866063559686e-01
-1.010764867340245843e-01
3.460949019025827411e-03
4.715281443298811048e-01
-8.967360790391601943e-01
-2.234185755220785552e-01
8.193802928937241603e-01
9.770457452237690799e-01
2.727496708103882561e-02
1.274812149775239600e-01
4.070387312628485077e-01
1.346028532480820217e-01
-9.257878533128054421e-01
-7.535026307203120943e-01
7.573607914593982748e-02
4.701707057708317539e-01
-1.243066583034369010e-01
-3.992947095886650311e-01
2.460859401419088766e-01
4.571071805081927675e-01
-2.528637439441040469e-01
7.455540455543829825e-01
4.481586617267495631e-01
-9.049039587111442628e-01
-6.057664295474924909e-01
-3.562206216799190805e-02
9.501449384705737411e-02
8.973383690709901828e-02
-7.777132532814285959e-01
-1.743533000852852677e-01
-1.503491034779333990e-01
8.846573108982362932e-01
3.656102279465003324e-01
3.909538091285957306e-01
9.718838890498706640e-01
1.819557646566132281e-01
-9.614624819397630251e-01
-8.767506736288337432e-01
-3.881522022911119141e-01
9.410516780622661948e-01
7.895084159226568588e-01
6.553120311591069669e-01
-8.770124825300469329e-01
-9.770516629457712821e-01
-8.398347416595539627e-01
9.683840177921936299e-01
5.043131026190073030e-01
-7.787398513590805260e-01
8.756887646304671868e-01
-1.963553792474667103e-01
-4.374098562540096324e-02
-8.324962302461156316e-01
-7.742729359607463113e-01
-6.751537522415249626e-01
1.821270524676685820e-01
-2.954175595284391775e-01
-6.688722541166496338e-01
1.648565360011254866e-01
2.345694387601586772e-01
-4.784901473620859491e-01
-1.999614370639728467e-01
-9.478428059068029210e-01
-7.094768521136884942e-03
3.497257551440646761e-02
-7.565391525746996138e-01
-8.154423373530303998e-01
-3.531692981672009957e-01
3.429957390430595776e-01
1.018164201602931307e-01
-4.299456177513009125e-01
4.482319302338813038e-01
-6.726466912901851725e-01
-9.984139964565346137e-01
4.614180594332357721e-01
-7.583056370452677664e-01
-8.481145053070382467e-02
-1.480874398823328608e-01
5.629676594301866732e-01
-9.302946632267101723e-01
-4.550884216363643153e-01
-5.759271712757259021e-01
-8.746715253384081956e-01
7.990074144335288509e-01
-4.239931091428807974e-01
-3.234312415748967773e-01
9.633593086387086668e-01
-8.605349745974408826e-01
1.638072813693076668e-01
9.536324435950793710e-02
4.722797973495658219e-01
9.435372019858494497e-01
-6.639844514635235839e-01
-3.616211726915217195e-01
-3.870222115572876653e-01
8.270165897186430026e-01
-5.417962839030099342e-01
-6.941161698974551708e-01
7.911341690578339580e-01
9.642334549910438479e-01
5.050271906187102644e-01
-6.326767287180937727e-01
3.999003710931595679e-01
7.196048665481733497e-01
6.846968015538092978e-01
4.223793978189058773e-01
-2.932687711639818673e-01
6.063922646673166605e-01
-1.711679065652582654e-01
-2.879068241428461850e-01
6.713501298488095959e-01
-4.572680595924909497e-01
1.799948807005453677e-01
-4.356547909537042962e-01
4.199591402148927233e-01
9.381375626714143490e-01
-2.070156661031394840e-01
1.013241884066905379e-01
3.221508868988267604e-01
6.227623384309506349e-01
-6.621997827460726072e-01
-1.687060908560564787e-01
-4.640460332710336089e-01
9.701233427277340393e-01
-7.370634320618918434e-01
2.096607914359661651e-01
4.101242951915339829e-01
2.144437246607368008e-01
-4.953346851870210621e-02
5.574251514005501562e-02
-7.732767819534442921e-01
-8.754548961659919248e-01
-9.397604817551223899e-01
-5.077703771508581543e-01
-4.466538919031106669e-01
1.039593288125868487e-01
-6.959507630980852344e-01
1.877152202202876374e-01
5.963581330985121554e-01
-4.767592260439830198e-01
-5.281939877254886451e-01
-7.534321525456217916e-01
3.470167872736751313e-01
-4.383176259352064008e-01
-3.120608541457167151e-01
9.956416950730813120e-01
-5.866185142509872108e-02
-2.151265795258431868e-01
6.705251211054221727e-01
-6.742750469250711198e-01
1.749920289934259188e-01
