&average_mean: [-4.91849    0.2768795  5.232183   9.1475305 12.379944  15.8266155
 19.9481285 23.2904755 26.9602635 29.674856  32.8563175 35.053352
 35.6762115 35.980569  36.4535465]
&average_maximum: [16.656973  28.6343355 38.9724885 38.9725335 48.0155255 52.621858
 52.5976555 52.635785  57.1982305 57.1662895 57.1779185 57.184735
 57.166711  57.1500275 56.674816 ]
&std_mean: [0.685885  1.6406265 1.876802  0.8126175 0.853216  1.0077635 1.4550625
 0.8274045 0.3328865 0.46755   1.3769375 2.59181   2.4234935 2.568588
 4.0590895]
&std_maximum: [ 1.376022   3.8946985 14.2771275 14.2771725  8.1978685  3.578449
  3.6305055  3.592376   0.9284645  0.9334585  0.9218295  0.948055
  0.944878   0.9497205  1.409192 ]