&average_mean: [-5.312607  -0.902946   3.475954   7.4263995  9.3692085 11.0065565
 13.1914255 14.9779795 16.7859745 19.524686  21.6578615 23.574566
 24.9988275 26.377843  27.3356485]
&average_maximum: [ 7.2243025 23.9788355 25.160445  37.1345195 43.5260665 43.5587555
 46.2874465 46.394221  46.385482  46.391511  46.376771  46.3983575
 46.4094835 46.4209845 51.6106255]
&std_mean: [0.172565  0.067098  0.050818  0.5198795 0.1058995 0.2130425 0.5678255
 1.1004055 1.4514365 1.190819  1.0373545 1.518129  1.2168695 1.624308
 1.6765085]
&std_maximum: [0.7526545 5.5554695 4.350174  9.6376465 3.2475055 3.2067545 0.4798545
 0.378478  0.389099  0.382061  0.388739  0.3671525 0.3632155 0.3533955
 1.8258175]