1.369987690325263907e-02
-2.505560550823036081e-01
9.834862082381903292e-01
9.397966212030548494e-01
-1.658877089210362143e-01
5.572425514995744678e-01
-6.222215630010405896e-01
-9.447719018040507954e-01
5.467884801596586408e-01
6.336437302649278180e-02
-1.356031804943693686e-01
5.299642591884978771e-04
8.326395898817313679e-01
-6.304934794060026437e-01
-5.138679855026073717e-01
-8.902267090786715187e-01
-2.991668397377561517e-02
-7.444175104440342583e-01
1.241868854180496751e-01
3.363848911229034844e-01
4.582816845132919870e-01
-7.702788646872831269e-01
5.603434004526919310e-02
-8.104605032071259263e-01
-7.835441415052049052e-01
7.069284268866025123e-01
-1.363247236672868734e-01
3.679339751148081317e-01
-1.943792320404780227e-01
7.835540419693975966e-01
7.922809628586804376e-01
9.495269199633460389e-01
-7.346023648193225064e-01
9.795143975711002593e-01
-6.064485121562236403e-01
-6.292231445399696366e-01
-2.815343744152942196e-01
-4.089414348357127693e-01
3.213188731699430090e-01
-3.401967218767315004e-01
7.333710027675962584e-01
-7.361792218976987989e-01
1.406649913008359842e-01
-5.389441507619501248e-01
9.610622630047117587e-01
-1.081594111461251784e-01
2.668601634443856785e-01
8.407339467667334088e-01
-5.956821866111208230e-01
-3.540090037014655966e-01
-4.617647741393096084e-01
-6.758152850045628934e-01
1.068666327732417098e-01
-2.864881138256547555e-01
4.722664737127205692e-01
2.567849013819505366e-01
-8.113139216497307071e-01
-6.357655622850730825e-01
-4.893074787405132797e-01
4.438032781117962067e-02
4.661113396876285231e-01
8.550373457784434805e-01
6.860176299224987062e-01
3.353476180037950893e-01
-7.149135828469617149e-01
8.459698541727056487e-02
-9.145819612753605110e-01
-3.121304228919629109e-01
-6.464423293793919445e-01
9.240871654870359553e-01
6.030975078632047071e-01
5.058422742513610793e-01
-8.430324111143909782e-01
9.736466666019938376e-01
-7.148521473263618198e-01
3.800274709534300355e-01
-2.353696318627069850e-01
-3.236480593096178193e-01
-2.413894985034763518e-01
1.444857921606905737e-01
6.604778125719563686e-01
-6.466471714391615055e-01
3.344718674265128588e-01
-1.538482372391170028e-01
-7.939846256019618131e-01
-3.798232373683234631e-01
-1.451090905519003549e-02
-2.658742769065103317e-02
9.223200468433347954e-01
2.537939973673908334e-02
-6.422216543774513786e-01
-2.129603578788570317e-01
4.184386443489220841e-01
5.416890678176877749e-02
4.788700683031397176e-01
-6.635834756788442368e-01
-6.611602183890434858e-01
5.129728007049509930e-01
2.791095095343315569e-01
4.600375739522266638e-01
5.547573885417909079e-01
2.615465370452163540e-02
9.048248226550466011e-01
-2.398253942062251731e-01
-5.465368565121735411e-01
5.372737545718606622e-01
-8.352650795330918143e-02
-5.064283441743597791e-01
-8.527694393948566098e-01
2.957805155497357230e-01
-8.201289059367393719e-01
-6.660660317859334878e-01
4.530232865389813846e-01
-8.709179631334644789e-01
9.758099614760014084e-01
-8.037637900605826280e-01
9.606802307977178046e-01
3.791050530267684460e-01
-5.223032862512442254e-01
-2.424495764099945383e-01
-9.092983138152803679e-01
2.721797004233873496e-01
9.426539601454948514e-01
5.286373718750312367e-01
-7.502180507316695834e-01
-2.975328988536474206e-03
3.527231757674360590e-01
-4.930281740241330146e-01
6.183933777472094828e-01
-6.656501823408094154e-01
8.839515627847127632e-03
-5.948464744182422326e-01
-3.962474441865717623e-01
-8.969824568326565384e-01
4.424106007137291741e-01
8.557495717496965693e-01
2.786160884970073637e-02
9.954348883225550004e-01
8.240400101256724064e-01
9.162042195369383135e-01
1.672144590210682402e-01
-4.028184005067049211e-01
5.199106382755487310e-01
3.062391797301939889e-01
3.437907132920764441e-01
4.711874952914338888e-01
3.953915949111117545e-01
-7.351088066760351758e-01
-3.469157559936333346e-01
-1.209178487646249689e-01
-3.122302031736956529e-01
-5.889584372707482585e-01
8.363743876696055901e-01
9.305516678072849324e-01
3.544137983395434510e-02
7.513364542140543723e-02
2.990498910119055997e-01
4.327169758444060488e-01
-5.700945220870266006e-01
-5.954151431452598953e-01
-6.062990176415615773e-01
-1.476859721496797118e-01
7.829180375034312522e-01
1.309410877904537696e-01
-2.415273261164085916e-03
1.949739202966023766e-01
-1.176590846301788229e-01
-3.688855049445658452e-01
-3.259550938217059546e-01
-1.074202381096427406e-01
-4.979435868158674783e-01
5.282548846778989393e-02
-5.826584953412065199e-02
8.125327325276328061e-01
-2.347512808144935903e-02
-1.499782410461778515e-01
-6.812320283523087827e-01
-2.850609363405814944e-01
-1.756191220802172381e-01
2.161588290088656272e-02
8.637288501527708995e-01
-7.095549822890672154e-01
2.329255102712425307e-01
-7.045765347654819877e-01
-3.189073506980037997e-01
5.683545689814559765e-01
-9.226929845586775425e-01
-8.591315170198356999e-01
-2.469249066499779044e-01
-3.769547742985850380e-01
8.830347559858202633e-01
5.596095656230315463e-01
2.293707635746138340e-01
-4.685063420854667093e-01
-2.867667356653589295e-01
-5.001803670079550956e-01
-7.610341484703291304e-01
-8.586580381156809771e-01
-9.215860852786318391e-01
-9.529244987841646308e-01
9.494574589583379964e-01
6.189842115023080904e-02
4.009531507724861665e-01
-8.940709570602296541e-01
-5.904873176984295480e-01
7.652009668809087728e-01
1.703320737721236711e-01
-3.058487983254079001e-01
2.086904856088662719e-01
-3.156317944552289312e-01
-9.419766531177153901e-02
-3.568747453264782266e-01
-4.586367865022022983e-01
1.851089465766184716e-01
5.257230611621471761e-01
4.239918185908688186e-01
9.554791851797679314e-01
4.650955940999162985e-01
-5.107747930193373698e-02
7.402962098184877604e-01
-7.920557728003685405e-02
1.473804282035939828e-02
-4.347493001141333746e-02
7.349894794624394212e-01
3.740151686440942314e-01
-4.688633926295362464e-01
9.606955950108752029e-01
6.717114765753917638e-01
-6.212697677215600622e-01
-6.941559706090669746e-01
-3.135259672960870603e-01
-7.421108919187893171e-01
-3.680022577920316618e-01
3.027539974782456067e-01
1.636768618961190747e-01
4.795233305821013925e-01
-9.609904027304079221e-01
8.002692114588385586e-01
9.290455303608156079e-01
-5.791491489021995953e-01
1.331827782502332802e-01
-8.693288657386366580e-01
-4.441382138457099504e-01
5.146909534882992965e-01
7.396467353388400667e-01
-4.190993991247562445e-01
-4.520574760995870189e-01
-3.192150710988206352e-01
1.045608834015290811e-01
-2.284259004755921918e-01
-9.403962836965230609e-01
1.259846317936896831e-02
-2.873075955773107815e-01
5.985055856724521561e-01
-5.308349989369258726e-01
2.847765774985887566e-01
-9.062799157217134027e-01
-3.111124703641854339e-02
-5.413373085660180273e-01
6.332076156198251926e-01
-7.111343698935339575e-01
-4.101404368702574743e-01
7.068470612433559452e-01
1.658216769203595120e-01
8.992359444763873277e-01
