-1.770439095209460634e-01
-7.470992427659013391e-01
8.214051737523166974e-01
-2.738654479252181639e-01
3.121332729423775820e-01
-6.887453710521369565e-01
4.603616144120614706e-01
2.776136916830196366e-01
-2.283550429430191153e-01
-7.386505502664859613e-01
8.852963101300903581e-02
-3.432695846570591458e-01
-8.314098729980253788e-01
2.957550770002597140e-01
-6.653277373554915552e-01
-3.943979664207120095e-01
4.692297221308109889e-01
-9.854541078120084840e-01
-9.491655485428883710e-01
5.028440772961666472e-01
-3.610803292948063792e-01
8.866197210049204802e-01
6.519359123656003341e-01
-7.040150158433216010e-01
-2.011462744035188432e-01
4.010611764184790484e-01
-1.544018248047628328e-01
-7.373644775708647625e-01
1.166864324147229848e-01
9.703721697066347573e-03
-6.385827309239564542e-01
-4.972690747064414385e-01
-1.100488038239910704e-01
1.645300400961478005e-01
-2.319999333190334023e-02
5.597796424166228135e-01
8.768318686238010251e-01
-9.516729761528126552e-01
2.222308585986495499e-01
-9.099331409535380555e-01
-8.443567022020221913e-01
7.180032156489581929e-01
8.384163208641324250e-01
-6.579571893621569689e-01
-1.986070428915623354e-01
-4.634181676056023935e-01
4.544126279722560113e-01
8.033250080627221124e-01
-5.149627759377815028e-01
-2.620993382852221387e-02
9.159422244286259396e-01
-2.427222454285382636e-01
6.488084803321594318e-01
8.795559929461420623e-01
1.806744355729639206e-02
5.541503352320937825e-01
-1.733702385314506156e-01
-2.669774168335510289e-01
-4.639497920456242541e-01
2.856252629083687600e-01
6.491565277122839372e-01
-3.877987100888815042e-01
-6.543121461417000795e-02
6.809171122755586225e-03
-6.847329878751194920e-01
-7.214392411378380832e-01
-7.343718860600474407e-01
5.956548324214876455e-01
-7.218826226618746400e-01
4.189231939672142802e-01
2.920883448832328755e-01
7.683147110777857058e-01
4.640346621757158729e-01
-5.239945710351192609e-01
3.884558851288451020e-01
-5.266372433170574130e-01
1.402181179749509843e-01
-7.796273137582498958e-02
-6.509232503700312922e-01
3.020869434371094009e-01
3.826183436920538306e-02
-1.590972659006190115e-01
1.084799830080453997e-01
4.160254635059239536e-01
-5.201309303789456440e-01
9.625632758431577063e-01
-9.972701273305737413e-01
9.689722752656197979e-01
-9.431745844202694684e-01
-1.015552441667688655e-02
-2.442218965247688889e-01
3.361422231240591696e-01
-3.381151293348137465e-01
1.479727020842025453e-01
1.955030433961881808e-01
7.561710912809695984e-01
6.887725293849591424e-01
-7.861722583634733752e-02
-4.424538854618398354e-01
2.026360655609546757e-01
-8.826906718380013173e-01
3.906744270907497318e-01
-6.546576193641275854e-01
-8.711223903182381267e-01
1.710023847629527083e-01
-4.164383601505098342e-01
-5.492713481908371165e-01
-4.659089350487723991e-01
-2.781053468949536422e-01
8.460089320329335916e-01
6.617583854155804080e-01
3.829934621827417729e-01
9.687654603136555131e-01
1.428932397347493222e-02
-1.467530925190914104e-01
2.074210874797937088e-01
7.294082130195049807e-01
-4.543267643865354088e-01
2.693194144608221929e-01
3.849265658977751858e-01
8.635687092927324393e-02
-1.413927976407665099e-01
-3.951071707034664593e-02
1.140000642551233234e-01
-7.771818888653581059e-01
3.910377477827065018e-01
6.581794764979062018e-01
-7.814695886839633232e-01
1.115945640597760524e-01
-1.318755158075076706e-01
-2.182753011631169970e-01
9.980036787789872132e-01
1.582345418328890418e-01
7.191874477980014779e-01
-7.139399099818348748e-01
6.777678360230920962e-01
3.163891208196276672e-01
-7.721453085947642681e-01
-8.544536069130475031e-01
-4.644187002102431183e-01
-7.359692382629281493e-01
3.777264890751348414e-01
-3.919602795270860085e-02
-2.091055047341725537e-01
-6.755838530620366100e-01
9.260326693263820630e-03
3.624086712996541504e-01
-8.045731794065673625e-01
7.360710540446570027e-01
-9.324635292197773762e-01
-9.022502471098239329e-01
-7.160425509225487595e-01
-9.728489590103663875e-01
5.894781166391791505e-01
-8.908948255295077168e-01
7.423510975166165426e-01
-5.939963527966369838e-01
1.318815628685188202e-01
1.378770396614445448e-01
4.555503699836849218e-02
-3.376844456516538973e-01
9.761316025329938029e-01
-5.586498200970120287e-01
9.899622346048873034e-01
-5.916159182029765429e-01
-8.634058441853813548e-01
-4.718010668685188591e-01
-7.217929195302050793e-01
-6.838491337001239012e-01
7.534560914783372532e-01
-9.483364719453299951e-01
4.478345422373066764e-01
-3.462672885979192205e-01
-3.614711327598125745e-01
5.924931179368468914e-01
3.735762087086402783e-01
8.231130919735308860e-01
-6.295607525773667668e-01
9.324817459126037988e-01
-3.446086654304545416e-01
2.021154815084835743e-02
7.459195256504518312e-01
9.909570083613934433e-01
8.789165473248572447e-01
3.122920883053792451e-01
1.102931430119571399e-01
4.708064336912132219e-01
-2.577875799595592543e-01
4.037005300324403301e-02
7.794350027247471946e-01
-2.371538259044523311e-01
3.752303419844116306e-01
3.611019273301812049e-01
-7.072561315012881877e-01
8.343174425841231034e-01
8.613784854288164539e-01
-8.153602086818301231e-02
4.875377721715005719e-01
8.847233628528239358e-02
-7.521166040670452801e-01
3.548949551311050832e-01
-1.967644788820688273e-01
8.165684231871661591e-01
1.712239213684731975e-01
8.070549104315420941e-01
-5.316137169442121113e-01
1.455316671300621589e-01
6.679757354330091434e-01
9.134671811397143681e-01
-2.541912219472753920e-01
-2.820047859027092763e-01
-4.718444295112190212e-01
9.004985907129637868e-01
6.763297565793562338e-01
6.183066679873323590e-01
2.837539963020452305e-02
6.438274043207237174e-01
1.756725536011491395e-01
6.500540692302609891e-01
6.661889688916575736e-01
-4.105918347601458240e-01
2.558511220624357652e-01
-6.271532439792831815e-01
7.734405523646679104e-01
6.046546332485049913e-01
3.933950986780693215e-01
5.629464451104160272e-01
-3.274946247403098809e-02
3.440651652250126258e-01
-2.836748521944709722e-01
-2.132329652996693969e-01
-5.352514890424702187e-01
9.434258805475914667e-01
6.376625040486132434e-01
9.604646207239353473e-01
-4.630106832533753547e-02
8.661836937621003596e-01
3.213729607075688222e-01
8.772424658795507924e-01
5.055820317716919199e-01
-1.582208481975910797e-01
-2.240514528809897099e-01
8.615965734611000792e-01
8.271963521982417245e-01
-4.900537597713321425e-01
-1.954228100358088582e-01
1.948943277516684836e-01
5.924249080519177202e-01
8.664440421322749941e-03
-2.621291490047328310e-02
4.354596282476232982e-01
-1.213629565066640659e-01
6.898483625822660059e-01
9.033390821211557675e-01
9.304020595843822683e-01
8.882899424894090679e-01
-6.111037291087044743e-01
-5.995142364078469566e-01
4.450189551170622426e-01
-7.279497180784462174e-01
9.965213845603340115e-01
-2.311505726131923844e-01
9.348483788799497596e-01
-5.971495624156140103e-01
1.268206071898526632e-01
