-8.913047918686684001e-01
-3.006442769604817378e-01
1.594320378304519004e-01
8.002013591953138771e-02
9.852738018389624042e-01
-3.862917228793052438e-01
-6.583077618066418557e-02
-1.190214615287354949e-01
8.380362883004766061e-01
8.622072472303723423e-01
5.998622259164152482e-01
4.945340346119803110e-02
5.887434716270013579e-01
-3.238694957825820619e-01
3.031383755837018246e-01
-3.380324988640377448e-01
3.919871114843085369e-01
8.598063243461652183e-01
8.659046811351256423e-02
-5.858701213070042213e-01
2.541947662242720618e-01
-6.205018898729567356e-01
2.347726914001564413e-01
3.608172825641500214e-01
7.853292142326115943e-01
6.938363116651284912e-01
-8.393271218211264539e-01
5.005630820874426012e-01
-1.392888357816755018e-01
-5.498810002094944860e-01
-1.824324209419019294e-01
-6.034605665690533360e-01
5.274469263723360335e-01
-4.857717084400514640e-01
6.422469763047604641e-01
8.723319002940219669e-01
-1.183576192913049496e-02
9.905005072281787282e-01
9.879634220938947609e-01
9.116546280347190834e-01
-7.696874965070565899e-02
-7.742793787548207796e-02
3.607462308742115931e-01
3.206521681402685342e-01
-5.831922237110209739e-01
3.047085380142569022e-01
-5.137324214383888199e-01
7.889127759981577892e-01
3.793207700129972437e-01
5.014402001258324582e-01
-5.248926064580606843e-01
7.961928775878368558e-01
-6.821851141207897484e-01
3.126911994376773141e-01
3.999917527024923203e-01
-3.101881517480082895e-01
-3.459733140830372200e-01
-4.949142611215484600e-01
-8.364165830821013170e-01
-3.559918326859508042e-01
2.563504741668762299e-01
3.127129935280786865e-02
6.290565537423180587e-01
-3.952358692402104801e-01
-8.023008276029932606e-01
1.855822691355861753e-01
-4.455887378368730278e-01
2.784379588564425134e-01
-8.325539328759237190e-01
-1.295416753689000444e-01
-2.515608441474136980e-01
-1.633239047247476705e-01
-1.816922210180500485e-01
-9.228495935222442714e-01
-5.887106512182833651e-01
-2.556528850852813894e-01
-7.708235004482888453e-01
4.166727854330445346e-01
-6.838009041225689977e-02
-7.388781579060734739e-01
-5.256338619695846148e-01
9.021946323432283865e-01
5.658822856346952257e-01
1.610875570912766452e-01
-5.861686255678231205e-01
3.578550127092927635e-01
-1.828751548495000101e-01
-3.807263973250034628e-01
-3.241600089796385920e-01
9.653396993601637277e-01
-3.780018767309835104e-01
5.761146397168492861e-02
-5.983478404943916029e-01
2.295324565897989000e-01
-5.750940981161432042e-01
5.973585755641150907e-01
5.018683401889778573e-02
1.158952149559868694e-01
9.111246870568783240e-01
-3.157034711315096498e-01
1.223105079892501390e-01
-8.146432686219418073e-01
-1.320993225818551942e-01
-8.154858517662029183e-01
3.221048999238322885e-01
-6.435442518439458137e-01
1.628719235938764776e-01
-6.942161152543846470e-01
-9.795853970097365693e-01
3.551438798761359372e-01
-9.635545495539115102e-01
6.979171586762895618e-01
2.754345415217873683e-01
-4.851654734875296970e-01
6.428806349853604107e-01
1.479669334529112312e-01
-9.048141974952648159e-01
4.410451270738895424e-01
3.649278459972704614e-01
2.295582737493992997e-01
9.371716830776311014e-03
4.852965290059132464e-01
6.365416218104692492e-01
-4.366192506869459589e-01
-7.594590097461280109e-01
3.303702993267527699e-01
-5.016173122925506878e-01
8.812896540059157457e-01
4.280669752142369777e-01
8.493455446047806778e-02
-5.563980305895288581e-02
-1.344919553849381610e-02
2.347599490143542633e-01
-7.218723638452542168e-01
-1.097379532154226789e-01
-8.375641404016320735e-01
3.427273227776524989e-01
3.459242776750226511e-01
-9.063874394274700208e-01
-3.749615378532771270e-01
4.169859152570762895e-01
-6.477012293013448829e-01
4.211237676748625924e-01
9.436644041202573163e-01
5.631409329738759073e-01
-6.437360510794212232e-01
2.689886344018616038e-01
6.020274002814018921e-02
-1.588579062567680722e-01
9.759276103681180370e-01
7.161643402415901472e-01
-6.833930814424737932e-03
9.762546884793152913e-01
-4.851491274725783232e-01
-2.906809329211488269e-01
1.779637534965416990e-02
7.658022121022961537e-02
-6.359605328007390534e-01
9.186125621157816834e-01
-9.794619104334021387e-01
6.889687499259709025e-01
-7.644500833274840979e-01
-6.311764573330302941e-01
-3.331172451244126531e-01
7.543957648787225079e-01
-4.480298437152037128e-01
-9.695115983018789407e-01
-8.492046046464925002e-01
-4.598983557419271673e-01
5.241209054613316098e-02
5.976222217466771180e-01
-5.041525534873874115e-01
-9.749390666499357927e-01
5.094335506113687462e-01
8.717508900310944053e-02
2.482379675077335257e-01
1.733492353196655067e-01
5.330606501254829821e-01
-5.084398301148334021e-01
6.477840120498272736e-01
-9.254908871421005934e-01
-7.204337030302676581e-01
-4.164077411556358910e-01
9.100120200468642118e-01
9.211109661438765528e-01
3.573051503559117048e-01
-5.210302718662805921e-01
-6.644565862224387498e-01
-9.723878200864026766e-01
8.595826269961015509e-02
-1.931298444610218823e-01
-1.858926265480294049e-01
6.057822284830187698e-01
-2.891691545459236234e-01
-2.898622416430993720e-01
9.331433675636342517e-01
7.709734519356992166e-02
-4.135499494759855565e-01
9.987986982389553958e-01
3.332099390675302697e-03
4.018310541897820443e-01
1.270165899803334941e-01
5.471082094491583891e-01
-8.703832500625190427e-01
4.783199006155871569e-01
-5.983439102142447119e-01
6.618192870930350580e-02
-1.815003742461929193e-01
1.247928854408903998e-01
6.312789123951262349e-01
-2.954804163657889227e-01
2.270997015378299622e-01
-8.309915676183741162e-01
9.675671624210444577e-01
-2.923376676496080018e-01
7.567826911702495440e-01
-4.407838717651972882e-01
9.584590552351917037e-01
-7.605829497431386699e-01
5.092631764868009725e-01
-1.647528964373397020e-01
-1.834833100403707729e-01
3.750508662730524523e-01
-5.816622862961218221e-02
7.803676744097989282e-01
-9.971036135205902928e-01
-2.301568477901343446e-01
9.774481483001062898e-01
-2.782327473728619105e-01
6.520809187411398256e-01
3.268798636339742547e-01
-6.053325711922785679e-01
-1.294971803110018249e-01
-1.458102214633916205e-02
8.603404920717723225e-01
4.549811695583949600e-02
-6.468222380396970728e-02
6.978623905116075887e-01
8.066762402362814832e-02
8.565236145744332674e-01
8.895825774695143018e-02
7.493781693343674055e-01
-7.206310701976441635e-01
-5.493760326525591875e-01
4.648910171054687623e-01
-3.232135447876383072e-01
-7.683605962905981634e-01
1.717572391778232621e-02
-4.563978333651841357e-01
3.732243653264304406e-01
-8.340094555786889963e-01
5.809884145323795934e-01
-6.256405418284183284e-01
-4.346068028950755835e-01
1.917305816758674286e-02
-4.139152063866227138e-01
-5.227139893490286848e-01
-3.452105858744280997e-01
9.962575025366116055e-01
-5.036644654516888586e-01
-6.779342108905563880e-01
-3.061748056926743011e-01
6.646504162922881598e-01
-8.856332319562532085e-02
1.055075703859973402e-01
