&average_mean: [-5.0171395 -2.7338755  1.0927275  3.8957575  5.8668245  7.2413285
  8.440277   9.352221   9.520015  11.743051  12.6347385 13.547454
 15.256462  16.514693  16.4894495]
&average_maximum: [21.7955415 20.5735495 28.4174295 34.8620105 34.749551  37.200149
 46.230169  46.241197  46.2388055 46.8603125 46.866256  48.72215
 48.7201895 49.0488185 49.014717 ]
&std_mean: [0.1132475 0.4124475 1.1073865 1.1901245 0.3396385 0.3839215 0.027366
 0.005345  0.240265  0.680111  1.2071185 2.202973  2.875092  2.324827
 2.1113715]
&std_maximum: [0.4470095 1.6665155 5.0871715 2.2666255 2.380592  4.578497  4.458638
 4.441328  4.4500015 3.8274285 3.822008  1.967455  1.9694155 4.3863455
 4.361087 ]