-7.264074761802177260e-01
2.752699914780335488e-01
-2.110841743475482812e-01
-6.715535906050623671e-01
8.550457630186618641e-01
-2.064285445649207129e-01
-6.627222453756184684e-02
-8.419949979463794421e-01
-3.257754248230621541e-01
8.441251279583490419e-01
9.763669163676703955e-02
4.025310797324084255e-01
-8.263750156437348338e-01
-3.911212273201682410e-01
-4.425991607830447039e-02
9.193357164884201349e-02
5.594102493189532233e-01
-9.139955484321199419e-01
6.622926827239216108e-01
-3.517429246234456824e-02
-4.304626070064001553e-01
-1.285466892161126751e-01
-3.280860366513044246e-01
1.765874195569746008e-01
-6.705282127513424451e-01
3.904237669374127084e-01
-5.599077638680070024e-01
-1.064172884664363605e-01
8.577899934684809491e-01
-5.044963806696112218e-01
6.733817533910836373e-01
6.819894641553617687e-01
3.096667924874268452e-01
-3.037038281570139317e-02
-3.507834523893994527e-01
8.569007032689940351e-01
-1.869500410090104980e-01
4.770103949159841539e-02
-5.085340204776083173e-01
-1.378755599696652456e-01
-6.106537785924417427e-01
-8.042521784540683782e-01
-2.852562766263669336e-01
-1.801598172975796275e-01
-9.062384682979246486e-01
-3.925414930931455659e-01
-5.309567947550147826e-02
7.250898885620431500e-01
4.556145821871388502e-01
-2.683974511259094586e-01
-7.724010941879848602e-01
4.020982366367248928e-01
-4.269639183050292358e-02
-6.162650909509101438e-02
3.925058548521387358e-01
3.645946191628869348e-01
5.780458414763924857e-01
8.299075769166355254e-01
-2.426016563629849188e-01
-6.395432555359912286e-01
3.273700538821688322e-01
5.681353221063273340e-01
1.886175430198739067e-01
1.543953355612749309e-02
-6.268928256646977282e-01
5.946189170299589488e-01
4.568939827830133943e-02
-8.530483946001384821e-01
6.163895159166965509e-01
4.063668307247631506e-01
-4.475703123654107274e-01
1.239169528778267526e-01
-5.639798617822989746e-01
-6.767320422688699599e-02
-2.346545206533077188e-01
3.880108929710362475e-01
-6.192965326532275938e-01
-1.705466008115880394e-01
-4.562180933017536688e-01
-4.601949312920816104e-01
-9.782074224268155760e-01
8.361768172089939499e-02
6.374537844143409737e-01
-3.192282554431710162e-01
5.681355482542592705e-01
-5.487327873599128214e-01
-4.057107252035147549e-01
9.312697687335642627e-01
-4.223939847208078580e-01
-5.339129105769087058e-01
-6.528519994556749584e-01
-3.502826939558878472e-02
-1.270846175287762281e-01
-8.434091973147153642e-02
2.590748940943160550e-01
-4.793524099411556882e-01
2.793254907090481076e-01
3.774091285342011104e-01
-6.436656708644028502e-02
-1.700050529406224586e-01
9.991012028386087040e-01
-9.727560616308793540e-01
6.882376315310952120e-02
7.854788768725278203e-01
7.287479998054530173e-01
-4.298477686534227238e-01
4.927296793970270539e-01
-9.782622256474030609e-01
7.099927228463358553e-01
-5.515143782560461005e-01
-1.824101298074899680e-01
-8.369430890622346908e-01
5.628892741794729870e-01
7.025526789948992323e-02
6.463604301012785269e-01
6.390391065925814518e-01
4.231699725767225639e-01
3.845963527429594464e-01
-7.303993291264943011e-01
-5.100035517936883922e-01
6.840523511379754673e-01
-3.912814737611417515e-01
3.222383288178539140e-01
1.161030661791896852e-02
1.097904272497314121e-01
2.825762261846836987e-01
6.514851189696094780e-01
-1.294570563664332319e-01
4.636707798914441181e-01
8.285877056596731016e-01
-5.619694580684071045e-02
-8.596467001031428135e-01
2.485357821615381824e-01
4.609574949657170573e-02
-2.442617203990345154e-01
-8.540031447133806797e-01
-1.996343042710664317e-01
2.883185238239122650e-01
8.909830373337151999e-02
-6.227639172297403519e-02
-4.807280100849616877e-01
-8.460490826851068125e-01
-1.960610555462518612e-01
9.463409432885152572e-01
3.579702676551299589e-02
1.279103212717265514e-01
-5.425103474348331734e-01
1.883086031210910172e-01
-2.132733148294812808e-01
-9.124390589194577572e-01
-9.121745188924929026e-01
-9.005221541315431288e-01
1.398979176923953183e-01
-9.023504662621237848e-01
-4.234082322814354260e-01
-1.547797755084588944e-01
8.742259009113071411e-01
5.311127701905715703e-01
2.644497074671649517e-01
2.688739804308269421e-01
3.319835042071734854e-01
3.927556294847120988e-01
4.826700635644518567e-01
-5.988195297499906977e-02
2.122276982065320061e-01
3.362859287717996637e-02
-1.103652987126315932e-01
2.770388715316393635e-01
-7.665619950204780597e-01
-9.648606020850909459e-01
-1.317034438001664018e-02
-2.925806282900890176e-01
5.177677218290542838e-01
-7.150247417135001671e-01
-5.386596567393446833e-01
7.675327206774129607e-01
1.928204395978141694e-01
9.814500318207994289e-02
3.390485263716192521e-01
1.746709749052739180e-01
6.370015819038092886e-01
-2.729136177993436441e-01
-8.431428345431364324e-01
4.270977365314218566e-01
-3.699574011982751931e-01
-2.749092245248708211e-01
-2.641712295628430573e-01
-8.296824704757967961e-01
2.528232730973556941e-01
8.588898801979111264e-01
-3.289601037660513927e-01
-5.577020340902560935e-01
-7.452171967513890882e-01
3.951582528652236581e-01
-4.984849153325401905e-01
2.586025881646162317e-01
7.452205004750476203e-01
-1.541757070046823885e-01
8.488766062148483948e-01
-5.543465525210073963e-01
-1.524188278783466799e-01
1.208987297320260335e-01
6.241823094172632702e-01
-8.997078682818412387e-01
-3.450755827599015224e-01
4.516651967613834889e-02
1.243218509320023930e-02
2.383658390173250818e-01
4.445960372636485469e-01
-1.436259065269704718e-02
3.117934881839283245e-01
8.051505818512931789e-01
-4.588364714362714453e-02
8.259427498723277417e-01
-1.421293253191171502e-01
6.844356495029663146e-01
7.099156181224353102e-01
2.339056270283838557e-01
1.662049790751816414e-01
-4.701945944074823469e-01
-1.423561421719193032e-01
4.502876557397293977e-01
8.744115573564230637e-01
-7.018249581056492659e-01
8.007509431964519864e-02
-4.825755463143003854e-01
-8.519942401458793224e-01
7.402259495421062985e-01
-9.982355513336980124e-01
-4.881294385701857586e-01
-1.282800346482112497e-01
3.974240538389068877e-01
-2.446565107369282413e-02
-2.368891992472857422e-02
-5.632209974675946862e-01
6.654416684701123241e-01
-1.868375249360371970e-01
4.892978065137934540e-01
4.209584848697298098e-01
5.526073434005923657e-01
-3.894355195765925592e-01
-1.488534843529547846e-01
5.748595361226173095e-01
8.892912842639733029e-01
5.144947731681878134e-01
3.139188532214620686e-01
-3.254604640577901109e-01
-8.663938282152432169e-02
-6.829257091740237318e-01
5.473210537158667011e-01
-8.183463705135732846e-01
1.266763671862992657e-01
9.910973210741227390e-01
4.968975870533476336e-01
-4.750779258472974907e-03
-1.996146954207469321e-02
7.036045833712523123e-02
-4.437012746089795123e-01
6.839228573573585823e-01
8.066761005743585677e-01
-6.175459084577988866e-02
-8.084690358322750292e-01
-3.414860761477800932e-01
7.907150987092292915e-01
7.638342419904980973e-01
