&average_mean: [-4.876928  -0.2735365  4.804551   7.202811   8.678288   8.901539
 10.6919445 11.0783555 11.8731895 12.9022095 13.485777  14.254933
 14.2597995 15.3147335 15.765022 ]
&average_maximum: [17.2105955 25.345792  35.02382   32.240031  46.2383505 28.799921
 31.362798  29.3662115 37.5626905 42.520786  37.2445715 46.870522
 37.6273515 39.1062575 35.9506575]
&std_mean: [0.979531  0.6172945 0.981613  0.97336   1.782557  2.033808  2.9302495
 3.2969375 3.1143335 2.4504955 2.49533   2.143855  2.6925925 2.0450075
 1.361486 ]
&std_maximum: [11.0576555  2.787943   0.047857   2.729016  18.0111475  2.857021
  5.535307   4.6819555  5.4675225 10.863844   5.7856415  8.277974
  5.4028615  2.0387095  3.7261675]