-8.436283333630882897e-01
8.540729344532506095e-01
-8.252821821293825355e-01
8.995932306827985059e-01
6.094115695190386317e-01
1.144478394022001855e-01
-8.394332825521102492e-01
6.232505971816637569e-01
-9.485089240286810330e-01
2.003664007578317696e-01
-2.384046505592047893e-01
-7.464358737623459916e-01
-2.511433302648130583e-01
-7.537826359901703688e-01
4.383608113731777278e-01
-8.311983930381479091e-01
3.363555406449156293e-01
-3.511000747848678216e-01
-2.015713031557527790e-01
-6.289445629791758918e-01
7.080162621334120665e-01
5.914105931694130236e-02
8.643767487131022165e-01
9.029033524372757913e-02
4.755962678827639900e-01
3.873129455418912181e-01
-8.225694760005045625e-01
2.543736106668588182e-01
1.958516493130803560e-01
2.561417796603635555e-01
-6.450109390092833017e-01
7.440259973801216509e-02
-1.283723087165565824e-01
4.778970263071833369e-01
-5.071361102618532346e-02
-5.663074386028975615e-01
5.279979909410599248e-01
-6.122512512651399064e-01
8.302529652551569050e-01
-2.409622037431896624e-01
-6.117303203883440732e-01
-5.221716656568231585e-02
5.682258086741861502e-01
-9.969009241201391980e-01
-2.779399511266541500e-01
7.839145024036981990e-01
-9.064513388500863300e-01
-1.311522502303877902e-01
-1.949071529269690295e-01
1.012129129098047198e-01
-8.795556392176039351e-01
-4.333876578707283045e-01
-6.856673862472334458e-01
-4.714625744117201256e-01
-5.390613320542206877e-01
7.206100646151010203e-01
-5.440349094540393171e-01
6.885531172508951858e-01
-7.949902535744701737e-02
2.876587408448040839e-01
6.179192834952542679e-01
7.587388475274970956e-01
4.799167422323217247e-01
-1.116304127159778448e-02
1.315736211178848425e-01
8.858292344114409023e-01
-4.228089790965926520e-01
8.073644487207405351e-01
-9.847105223741486890e-02
-1.081326880902028220e-01
7.225556423861014821e-01
1.490623772732884156e-01
-8.357402214127779283e-02
2.925094304246389498e-01
1.280660080552028235e-01
-5.380166413021161276e-01
-9.357404609692421271e-02
2.140797481059388829e-01
3.168639544166930722e-01
-1.153097633856266235e-02
8.296166618458433728e-01
-1.304924451087284554e-01
-9.109692976943555287e-01
8.976193962779178692e-01
-8.509263995822842208e-01
7.170219204726919759e-01
1.777746662664806132e-01
-5.688757797721392118e-01
-1.749893868129988039e-01
-5.703482058636470953e-01
-4.774019509377078752e-01
8.156897724942501204e-01
-5.432601447937575045e-01
-5.596963694433504388e-01
-5.072793501866833532e-01
3.884110593740809358e-01
-6.146304294915052591e-01
4.192152646395982396e-01
4.625310763898130006e-01
2.227833953124628008e-01
4.921739630843997571e-01
2.734484893886818258e-01
7.924687569885902061e-02
7.356076548503434065e-01
-3.988105238612879022e-01
2.560729173402845893e-01
8.161952894333438513e-01
-9.385770406520435594e-02
-8.416801182636435286e-01
1.471975043500723945e-01
-9.135415108726476774e-01
-2.983914493452510808e-02
-1.245898486920117426e-01
-4.804085422417674334e-01
-9.404446907738233108e-01
-4.240011083632781452e-01
-1.140788757535831921e-01
-2.391753773560737206e-01
-4.268678969418208125e-01
-8.074849178670617800e-01
-5.499703863937275283e-01
-9.515153378308282006e-01
-6.549453769520500179e-01
-3.948941847201876687e-01
8.211607845063670919e-01
2.349606333552493598e-01
3.488349479707359979e-01
-3.088456397024215705e-01
6.171592852041964949e-01
5.787149360570580381e-01
9.014150101677464999e-02
-2.760673353729245494e-01
7.185872605898531162e-01
-1.101530567117725568e-01
8.017002671256073798e-01
-8.589382342143534466e-01
4.318054292192086141e-01
9.170940102340940925e-01
-7.374479084634610881e-01
7.734119357610680368e-02
-6.165335051212480488e-01
-8.043363329855754973e-01
-6.710113557937366080e-01
-6.877906629698073981e-01
-5.084445306527112241e-01
9.190061625230132591e-01
-5.671935037298070359e-01
-2.990920508127431487e-02
5.250733775118521240e-01
-1.485853779792304374e-01
-1.588875233536366505e-01
6.431478911173559299e-01
-3.427331437834247874e-01
1.076798000890641926e-01
-4.512187548956373417e-01
-4.980201084314215820e-01
5.469800692113097051e-01
9.846866924117698705e-01
-4.451890075159359306e-02
-4.684764350726796645e-01
-5.252726634367504976e-01
-1.208398535671990626e-01
8.149434724789785811e-01
4.894322765306727829e-01
5.194135312845420405e-01
-3.428622357442681068e-01
5.729868396839974398e-01
-4.193007807747988203e-01
-9.853463819114705036e-01
-4.766372850698780139e-01
5.373318478973084789e-01
6.463814490380733746e-01
-5.165848582636047848e-01
-4.967904412197673425e-01
5.020223064078028763e-01
4.423636481278356847e-01
-1.651860598700646832e-01
8.894840471118059533e-02
4.375730754119968591e-01
9.642529595851909718e-01
8.728323357662113313e-01
1.728280260154257952e-02
-7.281005264836272195e-01
4.132556844546540487e-01
2.580401168051658645e-01
-8.866190172805444858e-01
1.852955611970928118e-01
-8.053313802231674146e-01
4.934283745996029258e-02
-2.050962002250228400e-02
2.442139831845040188e-01
1.972270865518746530e-01
5.508135998816736656e-01
-2.325143746922988530e-01
7.238430191338959263e-01
5.121263322867508627e-01
-3.742871942052368173e-01
-1.463752632366282502e-01
9.895237422601718680e-02
-4.983155540506920556e-01
5.655114003052691407e-01
5.337628707936452610e-01
2.667479557970283133e-01
2.535428151881088388e-01
-5.989640742240414095e-01
-1.467243609781527236e-01
4.723863435370384556e-01
-5.214921703902045680e-01
1.657096309966949732e-01
-1.840943504301758571e-01
-3.708152393457723184e-01
-2.518626833467477177e-02
9.159093588628929306e-01
3.017880811790629725e-02
5.461508542920100462e-01
1.031771454120311571e-01
-3.646936237929429003e-01
-9.153114172331892062e-01
7.147876775837913588e-01
-4.313694836140196109e-01
-9.768004810129909954e-02
6.876391871142242262e-01
-6.259655340231562448e-01
-3.661644286704759388e-01
-3.932861534771501244e-01
3.268575245478939628e-01
4.858398891822026666e-01
-5.133966876580814409e-02
-4.497881831953964848e-01
6.382318412441532196e-01
3.897149013397412098e-02
6.490929001039726920e-01
6.287001238247940105e-01
4.672399034277398555e-01
1.546047873858744093e-03
5.345276209924041400e-01
7.810702596003393783e-01
3.639663351911073819e-01
-8.838294547005107749e-01
6.138209311058040463e-01
-2.547155588337419729e-01
1.120841380533227488e-01
5.619751274409783282e-01
9.211044677709383510e-01
9.623432141892950265e-01
3.436764063251913637e-01
-1.331029996430208584e-01
-2.347573730572727613e-01
9.430907848496072887e-01
-1.454511229185311283e-01
-1.195410226081076444e-01
-7.447536271358838611e-02
-8.969907887054127116e-01
-4.515611917836225286e-01
1.497884385615158020e-01
-5.428787442437044142e-01
-8.881229780671376917e-01
7.456652523059348336e-01
6.734239739853629114e-01
6.354476321296691488e-01
6.731806566844908968e-01
7.900802690828717667e-01
9.455733697854920017e-01
3.392018660900855687e-01
3.713605426738646464e-01
