-5.090977111600902827e-01
-4.388157268999648419e-01
9.987248305125837611e-01
-1.230497077997387140e-01
-8.470433649123861874e-01
8.714525364673064711e-01
-3.408931872795227802e-01
-6.537012666873853739e-02
6.831927977419588460e-02
-8.406656313020059723e-02
-3.429476959580246564e-02
-2.177216093518740681e-01
-3.554624889281516875e-01
1.882767531372382397e-01
-7.303230547143872986e-01
-4.955348616920776661e-02
-2.657073016478229688e-01
1.794375113640267472e-02
-9.354315787377831537e-01
-2.987048329271726477e-01
-5.929964287969903269e-01
5.965913009230632280e-01
7.250756091955510296e-01
-4.443826843783309499e-01
3.265657743032863713e-01
-8.701635532608369417e-01
-5.953326935506974005e-01
-7.437674232774282856e-02
-7.118543257275145031e-02
6.044978002700166497e-01
-5.682210301972649980e-01
9.417065539907887306e-02
-8.523633346305548031e-02
-6.403120146352683228e-01
7.638158628055669030e-02
8.892348077020395536e-01
9.783589491506490265e-01
-6.689911148464210422e-01
-6.741917380192168352e-01
4.001515916827338426e-01
7.242157364386800911e-01
5.920690225771203519e-01
-1.730078229677611823e-01
4.936473082888947483e-01
2.466836711425189066e-01
-5.307500861072576015e-01
9.473960700095043208e-01
8.310642576894017308e-02
-2.621567377963354151e-01
3.895028460557365957e-01
4.197161708149986792e-01
9.374021176776423658e-01
-8.747143940904043014e-01
8.123790097769587604e-01
-5.224510517768765627e-01
-3.847692358328794748e-01
3.559187617244494173e-01
-9.477245917612930892e-01
4.777015300212911764e-01
-1.022500212735474590e-01
-7.356284236879188088e-01
-2.825393843451680653e-01
-8.029298937821036652e-01
-8.948369070980546347e-01
-8.711631135838437956e-02
3.174591616437705266e-01
5.911195985656383378e-01
-3.379183776168816489e-01
-5.355288835968826655e-01
9.832259022081663025e-02
-7.083176904325059198e-01
-9.707050897204205775e-02
8.671209988588549633e-01
-4.218904999814150347e-01
-2.626978115065879416e-01
-3.824658535789584590e-01
-3.264148325066953404e-01
-3.709498704302710559e-01
7.471387951026546848e-01
1.278050057615194302e-01
-9.827738086182351562e-01
1.335236561554529189e-01
-7.886972683697917041e-01
-2.542101188872978312e-01
-1.648702097665758204e-01
-9.904310923910111253e-01
4.656064954830053670e-01
7.460393328851930850e-01
8.114245494880270027e-01
5.436576173601460615e-01
-5.426341817312327898e-01
2.433613674719911357e-01
6.004634240128898792e-01
-2.856049917504617786e-01
9.480073053124051796e-01
-1.294830404127644274e-01
1.120929618813666789e-01
7.678972331197195800e-01
-6.196856376632294827e-01
2.044355749730231153e-02
-2.723877010371762442e-01
5.998177457132124468e-01
-7.382930971634142914e-01
1.191880802199370287e-01
8.710768958668646533e-01
-6.814178807067143850e-01
-1.010053555217288318e-01
-1.369372804492672777e-02
8.090681563552070132e-01
5.157331962992230956e-01
-5.304953696682169761e-01
9.506124610153611210e-01
-5.027043952815376526e-01
6.253436282755158171e-01
-4.548030377725323925e-01
3.908888595916040209e-01
-6.272010149195871298e-01
9.364386929264434389e-01
1.153075894990160527e-01
-5.828889731240994854e-01
5.904504877138984087e-01
2.918515096639866524e-01
-1.188600507251645483e-01
-1.418362702715179058e-01
-2.101840273895540512e-01
-8.575219021194799840e-01
2.135385498528896142e-01
3.994999455355420226e-01
-7.954543159659626106e-01
4.348026647398566258e-01
6.188850580116395106e-01
5.089895718804823277e-01
-7.684583655741842323e-01
1.824700341468824816e-01
-4.010236232657664601e-01
-7.243140669903609385e-01
7.339072187863516783e-01
4.096588850761269662e-01
-7.314730130590556545e-01
9.854684968325264638e-01
-5.072014865448826182e-01
6.749693510789902540e-01
4.833039591586386630e-01
-3.629255053587143176e-01
1.388527251576259225e-01
9.241436548639461179e-01
-9.368324724732783881e-01
5.378901327426039991e-01
-9.852368828844955129e-01
-7.552937867882723033e-01
-3.950725211218539812e-01
7.468236030919557233e-01
-6.711833218918551447e-01
3.598865035121164291e-01
1.276194485383019828e-01
8.982130890953061719e-01
4.179965906168933709e-01
7.710652416141872134e-01
-3.298613861779950973e-01
4.935969556129771174e-01
-5.932284219676777770e-01
-5.762435935008313193e-01
-6.009667260634882213e-01
-4.797939183074519942e-01
1.683292424913569452e-01
-4.571721039296363642e-01
-9.567942653682983689e-01
6.311643174394678812e-01
-2.864562463841173745e-01
-8.330364919562269765e-01
9.860316944056197741e-01
1.889548610760479752e-01
6.147186155944268648e-01
4.428523447183301820e-01
2.435736584196637189e-01
-3.517617708804086085e-01
9.888391062199620996e-02
-2.907758234913779827e-01
3.124966518041747410e-01
-1.370554758864912237e-01
3.424645591872657602e-01
-7.467404856646918665e-01
7.992470787143074462e-02
3.037720781805401948e-01
1.117221025421771081e-03
9.215782448860133647e-01
8.691079582722706087e-01
-3.898506332411550979e-01
-1.803347134493613058e-01
8.514203193339819897e-02
-5.865065211564991499e-01
-5.705619896513338674e-01
8.494978130650784331e-01
-3.645444188630337368e-01
4.643573922674970600e-01
-2.273819388407503084e-01
-6.066034161493705223e-01
4.945912199208177817e-01
-8.977522875468126884e-01
-5.902176017410787345e-01
-5.543797326624507749e-01
4.776262195828727131e-01
5.445327074879207085e-01
2.992059419400135423e-01
5.602790429045649834e-01
-2.498274071849450606e-01
-2.462534547535127558e-02
-5.511881771439541833e-01
2.570372033956321856e-01
5.081964670555647601e-01
-4.534663494812028461e-01
-9.770684544393848370e-01
2.888287794951878151e-01
8.929789648362069787e-01
2.602955907131774271e-01
6.829819852996759089e-01
7.288727080307877415e-02
6.416756394754817849e-01
6.504229680596131102e-02
-8.952469236786487761e-01
9.096280835846131119e-01
-2.455682818921329780e-01
2.843765211716153818e-01
4.222813146808782614e-01
4.497826543032827917e-01
-3.641018115414846879e-01
5.958912798261877253e-01
3.342189173913880929e-01
-3.401604033100311675e-01
9.639420353726393387e-01
4.161498599314450431e-01
2.902716919817311947e-01
6.221885257779302680e-01
-2.281009807503447950e-01
-1.712267020049518529e-01
-9.024956261496159815e-01
5.953959873684617765e-01
-3.481156278628106393e-01
-4.467914517321214252e-01
9.573179963189004660e-01
-1.761836930144813351e-01
-7.760859172508178805e-01
2.612596808074197363e-01
2.030662364342992188e-01
5.808216848054668091e-01
-1.894047833104366418e-01
-2.707276201276671568e-01
5.966574695952072682e-01
-4.442681375118806564e-01
-1.024721289401833990e-01
2.724301663866485756e-01
-2.034015693254278764e-02
6.015122872613392069e-01
3.627446525167219438e-01
-7.645504416136383874e-02
-6.118784608196317087e-01
-3.182569915460780052e-01
2.711359600807394798e-01
9.760073795741704972e-01
-2.821111056721099519e-01
-2.637107366774557038e-01
9.585796592401489846e-01
7.920569348250764419e-01
-6.449376497041190426e-01
-7.671914221117885901e-01
