-5.268587264578107332e-01
-3.678398790005322216e-01
5.834982393998641159e-01
-3.615796654392000042e-01
1.584475131642922030e-01
-1.994138894500966097e-01
8.148079665647067760e-01
3.805678414617819083e-01
7.234697625851254088e-01
-3.043763592835818654e-01
-9.631276772213592796e-01
8.913973143588230230e-02
4.414470763415559440e-01
4.033928734210521783e-01
-7.731747717155904587e-01
3.783261184806788746e-01
7.868080353302867591e-01
5.831376624741966275e-01
-6.749146363409624927e-01
-9.788979132631592250e-01
5.987026764639916676e-01
-6.227984644666269970e-02
-8.813531092275858070e-01
6.877778624341867042e-01
2.859485526953314261e-01
-2.753592861728582641e-01
2.890633641380403462e-01
-9.097619050211935843e-01
8.577926142329814763e-01
4.288791759448015162e-01
-3.942335083653762950e-01
4.864881916541421991e-01
7.002225161496427042e-01
-3.948467604037482759e-01
5.720313288248241035e-01
5.525184682508592626e-01
-9.766394545450516329e-01
3.684379882966452163e-02
-2.330619779030720096e-01
1.264738620124858381e-02
1.708390380875471348e-01
-3.815933389870832665e-02
7.468670632236911189e-01
-8.725120194117956807e-01
-7.186522129157462135e-01
5.648783814260179836e-01
1.904714018785707841e-01
5.512548698152980320e-01
2.980675981106426509e-01
2.593438077828152388e-01
-4.096049446554521078e-01
-6.748986728212096053e-02
-8.988376192125192843e-02
4.576375093268307825e-01
-9.786734025782679591e-01
8.922266279615018725e-01
2.732381503281173796e-01
-7.890199341962207402e-01
-7.063700460807438297e-01
4.758938312658134717e-01
6.845237337138292411e-01
8.910192390615610802e-02
6.659130568938386174e-01
5.770160978701889265e-01
-3.295666038116359386e-01
5.774855519886908928e-01
4.661974476338749396e-01
-6.051090911128003125e-01
-1.794057740689027625e-01
-9.845199272643705424e-01
-8.010791178149054836e-01
-2.110229635306906382e-01
9.709731670700734174e-01
8.383508837913266065e-01
5.967782454881736913e-04
1.035955031790687653e-01
4.199361315566191299e-02
3.608885579149096468e-01
7.778809250996467917e-01
-5.467072266526352697e-01
-2.109449836777517462e-01
7.090225802234079167e-01
-2.929143150335327128e-01
2.698944482408560108e-01
-4.152033639367632145e-01
1.816975708506705367e-01
-3.799738469282685771e-01
-5.009918070334888895e-01
2.121675306024471686e-01
-1.844231332492315689e-01
3.465696955615172326e-01
2.714147901305909993e-01
2.452340603216396353e-01
2.792720835911680771e-02
-8.005010666798375585e-01
-5.060194812901327444e-01
2.723617338761792905e-01
-2.975623651582635087e-01
-5.678374884230078523e-01
-2.668270225586841238e-01
-8.462950726232157383e-02
-1.572594861592720638e-03
8.959339197069725313e-02
8.003977212289189458e-01
-5.648148763206654044e-01
4.062302549309206867e-01
-3.429898578004577647e-01
3.480989883872026569e-01
-6.294196345920345381e-01
8.143513282927349328e-01
3.497882278147402824e-01
6.906338458554821536e-01
-8.120236704068406475e-01
1.429468890209676935e-01
-4.311339155352315045e-01
-6.003703983085929563e-01
7.383964175511507910e-02
-9.280860561356195637e-01
-3.771760847527191873e-01
-9.141599700652883742e-01
1.628284245611891223e-01
3.644985441784765468e-01
-5.735302504412425062e-01
-5.067748975829535762e-01
7.713665388886145613e-02
6.387845911179004244e-01
2.102611542692044144e-01
-9.388714086646565704e-01
6.655155464869001447e-01
-1.177673286485288531e-02
-2.305780146169088829e-01
3.262047267716376986e-01
-1.937313845013027835e-02
4.862435786862846776e-02
-2.833104071826303416e-01
4.997182843938587915e-01
-2.994649213002915089e-01
3.867537783967554543e-01
-4.026358892847435311e-01
1.986265642765809580e-01
-3.588869886420755217e-01
3.182980144130769795e-01
-9.394216576894176551e-01
8.678604880191100879e-01
6.315881191527036864e-02
7.574695639630577571e-01
7.398311368371625341e-02
-7.687650965316948914e-01
4.078475201524537352e-01
1.997102670249118195e-01
8.900957373018922869e-01
1.283723575118779492e-01
-9.964374709314676171e-01
-9.587225846740105029e-01
4.390868105911910901e-01
4.205807548544110985e-01
-4.856526046661222562e-01
-8.526300882365658307e-01
3.818237712743195456e-01
-7.963874611594057296e-01
-9.376352884221486952e-03
-6.330100714860057431e-01
5.565972524229740870e-01
-5.836542754240663378e-01
1.453102760029195417e-01
-5.862066844224104178e-01
4.517040370422008011e-01
-5.163769421649508917e-01
2.857856351362422775e-01
6.104031258720548081e-01
-8.876407161494664910e-02
-3.357386946192930655e-01
-1.711693009652087982e-01
-1.391506010434144236e-01
6.653998359933133155e-01
7.866506020619078443e-01
6.854125678801693544e-01
-7.291167131522132694e-01
2.776254928877950334e-01
-4.986074001200404560e-01
4.744722728755450536e-01
1.748436789649150391e-01
2.503181664795352535e-01
-4.041100090456661853e-01
5.040885432598015553e-02
-7.065969012625274992e-01
1.981903714304784903e-01
1.674349156344079326e-02
2.896467929932018959e-01
-9.036547052870667063e-01
-5.715834672909556047e-02
6.362163890751029172e-01
8.911904335994772497e-01
-1.425797865129515840e-01
4.149126651557666356e-01
1.560492545465326161e-02
-7.213385009800009628e-01
-6.739207077206927909e-01
2.583900387790643571e-01
9.188444374763906630e-01
-6.632856810324651020e-01
-1.952696891728521456e-01
6.537128961555290774e-01
2.422543977832357920e-01
-5.410580125403631202e-01
-5.360953554030321033e-01
1.533120067217395022e-01
-5.976225087447994966e-01
8.525286064865298385e-01
1.578976447363827085e-01
-4.824149456202225794e-01
7.175840324813688165e-01
-7.421793426155547380e-01
6.931892419365442981e-01
8.461297120274230421e-01
-4.772161432369299017e-01
-3.838269438551434876e-01
6.167014249955738991e-01
-1.520163126815801680e-01
-7.059892762231434471e-01
-7.137207697287815122e-01
2.009257284999628190e-01
5.015118413449537460e-01
7.914289515945182041e-01
9.246110024078088019e-01
-3.170056958029727201e-01
2.855937879109307076e-01
9.691573548558568563e-01
-3.543634349012430573e-01
8.992459242977759448e-01
3.679220534093154971e-01
-9.484051117562480870e-01
9.676803305195922356e-01
5.663786968310930980e-01
4.575725524958282886e-01
-2.474954045598043439e-01
-6.925272936377845356e-01
5.264967112385166015e-01
5.919369485759482519e-01
3.880024172317950715e-01
4.101969639270688361e-01
-1.406844573363203454e-01
-3.598094157897146345e-02
2.145411477505516640e-01
9.837075067444581711e-01
8.753234446983445549e-01
6.946816956987764691e-01
4.097836232236696796e-01
-4.357814047653167377e-01
7.638917133982052743e-01
5.201316419866779395e-01
-6.324363652646112222e-01
6.702092848323977503e-02
5.061370984180486587e-01
-7.473625207549404736e-01
-5.459207193064403718e-01
-8.714849692433506156e-01
-4.507010081438420079e-01
-6.417326726704586370e-01
-7.555000458966966426e-02
3.696652047876027858e-01
-7.136403513834478629e-02
6.065284621862010450e-01
3.692310015392491485e-01
9.407442366735742079e-01
