-1.243933396796210733e-01
4.850654199896988761e-01
-5.404443821116995395e-01
1.723800442911375130e-01
-3.175651914030228617e-01
4.203177658778933234e-01
7.423414535938062109e-01
-6.598823365701599331e-01
-3.027841470560745929e-01
-1.662132519081416238e-01
9.913840615749955898e-01
6.352684447888602426e-01
6.979168760639138380e-01
-6.715757566426094893e-01
-9.903348257833500812e-01
3.301733367726624735e-01
-7.019992177686077417e-01
-4.610832185722552046e-01
-6.167484267880873894e-01
-2.565911570629217930e-01
6.660650326055406190e-02
5.416733739914378898e-01
5.056780414217273423e-01
3.722126260800662223e-01
5.005918322286710964e-01
3.610709931117463412e-01
-9.056892846172643896e-01
2.681679926269713299e-01
-6.500405598347296365e-01
-3.395088881779366741e-01
-8.744531365890007013e-01
-2.743058689645145876e-01
8.624197667710415960e-01
-9.414830290667939305e-01
-9.768930970973797034e-01
-4.171218365301664344e-01
-4.767591118485343116e-01
5.241884029871819450e-01
-4.426649715482564584e-01
8.586543018630856672e-01
-3.906036564431553115e-01
1.624284742968750139e-01
2.351315524034021942e-01
5.284491963574584616e-01
7.626328618512208113e-01
7.071723714032305264e-01
-8.761277637323786616e-01
5.450260023194024583e-01
4.123891417289204941e-02
-8.243619302067527466e-01
-3.027002860499422576e-01
2.641373361500800598e-01
-6.429658266446197645e-02
6.215931717592579897e-01
-6.781699821202601119e-02
1.988571964021726979e-01
-5.964222387388056212e-01
9.824351927371274273e-01
2.412027452083729817e-01
-9.849482659760255832e-01
2.276237099854188095e-01
-4.941861534875856554e-01
8.827234843652962404e-01
8.448904786904858355e-01
4.944408842136557292e-01
-7.153904312581804703e-02
-5.940944206452102305e-01
-4.939275339840267787e-01
-2.228458858464792414e-01
5.184107188157947022e-01
2.611568732066480436e-01
-3.113936284937255383e-01
6.833530838422730014e-02
-2.640180551975328527e-01
-2.663797381959680521e-01
4.153413133208184727e-01
-3.911723974467873344e-01
-2.941804110916048653e-01
-4.447240464235605040e-02
1.990286890446796852e-01
-8.276853671608173091e-01
-1.631942637632335380e-01
-9.705663258822561090e-02
-2.929025939965153036e-01
7.286201940898873186e-02
-1.266263109902765471e-01
2.673103374343677174e-02
4.675252280270778549e-01
-2.596694384791669030e-01
2.242612454023868995e-01
-4.522452224966155843e-01
-2.892914057392743654e-01
-1.813829828092550223e-02
-5.322288340699954379e-01
-7.091986070479640025e-01
-5.455712237558234534e-01
-4.758220490078823861e-01
-3.829017895163924212e-01
7.413002803735717627e-01
2.320501323215184986e-02
-2.761503121482524747e-01
-3.959604212667029444e-01
3.080955404378407092e-01
-7.069999206387842516e-01
-2.882573816306470693e-01
-4.786713495634852267e-01
3.370823897586354700e-01
7.367185518486354390e-01
1.688833951406758516e-01
-3.752404496924105493e-01
-1.825161341191285924e-01
5.266957034313941577e-01
1.196428949386960650e-01
6.949940832447931705e-02
-3.426325129030161065e-01
-7.700843698638260015e-02
-6.787430676823025255e-01
5.168271623912306101e-01
1.258658133291343795e-01
-5.890594019728119246e-01
2.359125568391770011e-01
1.285613358243647975e-01
8.841499444935942975e-01
-2.498181935134196618e-01
6.170155585130756570e-01
-4.225486845209400766e-01
2.586718651995545404e-01
5.907396696336784103e-01
-4.801199259352506021e-01
7.408299011682311086e-01
7.762534514947284636e-01
-2.673810382337853397e-01
1.806984348446576405e-01
5.671249046553568096e-01
-4.264302475643464430e-01
-7.072745964712146005e-02
7.306364021148927801e-01
9.818362634409847356e-01
4.664141882412817797e-01
9.941999248098617459e-01
-7.268634076703669455e-01
3.727170975374882733e-01
-4.944971830266577939e-01
3.008981101512460121e-01
8.627574494856269371e-01
3.841433595146430124e-01
-6.083410739893850838e-01
-2.044945040492374133e-01
8.293282577678267042e-01
4.783366839076821364e-01
-7.585656816053449880e-01
1.035466364161639063e-01
8.894624681004015265e-02
4.862782527402151889e-01
-1.384932781449803585e-01
7.229207579433486464e-01
3.111813352617205375e-01
5.170788810222655130e-01
8.742163378752687564e-02
-1.085566989613353517e-01
-4.963240756624766048e-01
6.965956594141138325e-01
-6.424726577770839553e-01
-8.972830756959140341e-01
7.093737768187087234e-01
-9.417206218081088931e-01
6.636905583340315662e-01
-9.545421234260216270e-01
7.507044148987807031e-01
4.415119391547004390e-01
8.174253214047588756e-02
-3.162586204644024512e-02
3.898226819947963051e-01
-5.509716658605898765e-01
5.752368667559385473e-01
5.757613746159777612e-01
8.080734894527608070e-01
-2.318666528962731732e-03
-2.709247138488524165e-03
9.566795301343895552e-01
1.833666923725492115e-01
3.988838405652380681e-01
4.442266604442057787e-01
6.349951800633317767e-01
1.579173459079166453e-01
-3.098088876688334103e-01
-4.441471931784625182e-01
-8.067864211859054890e-02
2.482593696136843331e-01
7.617857756788597445e-01
-5.155663039014453108e-01
8.658187909502382817e-01
5.463884575276557465e-01
7.916913986002795944e-01
-2.946889155448559894e-01
4.535141884137403601e-01
8.188049394382868051e-01
-7.446684741654461259e-01
-6.370371440405016017e-01
5.782482832515073445e-02
3.510975565754372862e-01
-5.359582291125934983e-01
-1.673711545435947468e-01
-9.789760531902949037e-01
-2.705512133172033318e-02
7.173803323020455647e-01
-6.763775868675936387e-01
2.680590479263261772e-02
5.527206552155072838e-01
-5.459335310883115522e-01
5.096924873083517049e-01
2.440947033796636578e-02
-8.926340540704218451e-01
5.245907440702750613e-01
6.794211823971763042e-01
2.781092123880017919e-01
-5.437538750745262162e-01
9.575020955818356327e-01
9.621899977130687898e-01
-2.847254557804750341e-01
6.682181852327109262e-01
3.393564371187647311e-01
2.918638046529156149e-01
8.533854370880272766e-01
-3.958259404795076986e-01
7.546050787889724276e-01
4.038598639437847027e-01
6.072380540243836888e-01
3.545122329700363117e-01
3.614132358473479134e-01
-9.496744208143225174e-01
-8.264101110453203614e-01
1.533454716324805789e-01
7.702670049043816025e-01
-9.694731929025813821e-01
-8.549144870547220609e-01
8.536729210899030029e-01
5.874610830723872024e-01
5.791282335131108239e-01
2.772599526518146340e-01
-6.990076294743270413e-01
-2.520769176655370813e-01
3.600716528485974344e-01
5.615205002046863569e-01
7.031912097304655607e-01
-8.361079550417407358e-01
-1.686820586256787546e-01
-6.305214275246953104e-01
6.443788441526471233e-01
6.551615752991284403e-01
2.719591298059519380e-01
-3.638544554518841068e-02
8.372319713651710238e-01
2.143151494707655758e-01
-7.340421220478251518e-01
-3.221386394194364344e-01
-3.642363467050622194e-01
-8.104157017822213316e-01
-7.947531542115264802e-01
4.706048306290074312e-01
-7.834010305968046595e-01
-2.447630123518802492e-01
8.501474121608476597e-01
5.871882069660088188e-01
7.216523839714228394e-02
