1.165818151329126862e-01
1.841119360517846637e-01
-2.751410843960668817e-01
-8.560665705208940768e-01
-2.923451086182790037e-01
8.649232034635634392e-02
8.682181027218671687e-01
-1.914041163512623100e-01
5.520512192237818638e-01
1.881033330696713635e-01
6.793445147305965381e-01
2.556466009152645880e-01
9.539067612344332980e-01
8.647952155877874914e-01
-8.207512571121960976e-01
8.164177683274661534e-01
-5.790748120329719528e-01
2.390334642248632124e-01
-1.289352051495361862e-01
4.013007263744761133e-01
-5.933810197484776783e-01
-9.138365192211060917e-01
-4.668359254824246407e-01
-3.165861649052302829e-01
-9.324926278267693380e-01
-4.159549858425347080e-01
-8.492813420933404966e-01
4.191498465138361884e-01
-7.353846493616299496e-01
6.261419464845673355e-01
9.387062161034509522e-01
-7.086894290229838189e-01
-5.328941697263357702e-02
-1.859020855305619224e-01
-7.242420572631055875e-02
1.184281574260371422e-01
1.100894915345886071e-01
6.392493120017013197e-01
-1.439735251194214083e-01
-6.997039690217580210e-01
5.892644364875829766e-01
-7.855615130425925852e-01
-1.724840866372420040e-02
-9.798756866663275999e-02
9.013195236266251520e-01
-5.959049716033845007e-02
-6.556549193634642059e-01
5.829731271075386800e-01
-6.718924482799124021e-02
4.277389397098563806e-01
-9.112514038526922655e-02
5.069765579626143159e-01
-5.693980330413053181e-01
-4.773245303056355970e-01
-7.340487317858163108e-01
-9.040561261612419797e-01
5.987575066798980217e-01
2.686446046696141510e-01
5.737539036498775502e-01
-7.973488471472385264e-01
9.328618443038202424e-01
-6.110679245530481474e-01
-7.699970576861125959e-01
-5.498362051673485462e-01
-4.608030608319003962e-02
5.003276355979211498e-01
-7.973475992068559393e-01
9.326144091762179622e-01
7.780485801534946511e-01
-2.662836603747675279e-01
-5.819248379034624996e-01
3.587228973565137480e-01
-8.132526304288484331e-01
1.312011370527450538e-01
-6.638033810097415666e-01
1.635835555311256906e-01
1.888098222406357773e-01
7.088815512126568630e-02
-8.766509899987826593e-01
-9.282795397072044485e-01
1.012837540834776034e-01
-3.188790153845333375e-01
-5.523546429486111409e-01
-4.870177967837360095e-02
5.127931429019529919e-01
8.388450109128569032e-01
7.158801688078935133e-01
5.460376695205202413e-01
-8.865679556537997552e-01
-4.240885049929541406e-01
6.593840934679060517e-01
-8.662161383515948332e-01
-3.906662159332284778e-01
-6.783361898702364723e-01
7.753012987451277649e-01
-7.264354984196454978e-01
-2.539780203001764658e-01
8.404708296298112336e-01
-5.312240345279174436e-01
7.148148308352603175e-01
4.302032494209602764e-01
-7.481407112234342849e-01
-5.710809147477042824e-01
-6.795679422985749785e-01
-1.625322383235806856e-01
-1.428013468297048283e-01
7.953811787998197325e-01
7.975421522492773807e-01
2.588621456758750661e-01
-3.119679185484848238e-01
-2.224241899724490323e-01
-1.459201796126720907e-01
-8.298032866753165537e-01
-8.218102412521001154e-01
6.335698245353461600e-01
1.514726166319885770e-01
8.805868437044616082e-01
-4.178693333104301355e-01
1.828603269818952215e-01
2.977404599676547470e-01
8.564926881251551105e-01
-2.533094557148123788e-02
-4.125492680110190991e-01
2.327909652935393203e-01
-1.199371312062269268e-01
5.002433282469652687e-01
-6.872802162116259383e-01
-6.051138551773865837e-01
8.492892551650489397e-01
1.017714138742468466e-01
1.057276546837257608e-01
7.061371075327730340e-01
6.946904042006304403e-01
-9.097338874226370553e-01
-9.205377185350924751e-01
1.703937100451808073e-01
2.033783957707191725e-01
1.817928666362705892e-01
-3.552897712236615657e-01
9.742594883976003484e-01
3.297459741875833905e-01
-2.116320521922077091e-01
-8.846179797464887029e-01
-9.657668021951409942e-01
-5.799770237659871430e-01
2.968652460501220447e-01
3.761357984177438607e-01
7.962937976874937540e-01
-3.350466181440614477e-01
-5.883421246010631656e-01
-9.877309094393077471e-01
-4.595676098138713472e-01
-1.675693288014883930e-01
-9.309633284120977237e-02
5.858729891304713666e-01
2.287092179460052943e-01
-5.783536164375395749e-01
8.032218320588049298e-01
8.772801105467480376e-01
3.701845956912955815e-01
1.249464636686592189e-01
2.869523304661875662e-01
-8.951641274725914421e-01
6.629795945356060649e-01
1.089844685362866966e-01
-3.822937314045118384e-01
-3.067709894675651472e-01
-9.275063066479809493e-01
-2.369150993788529946e-01
4.211852221850245215e-01
9.561848684216857075e-01
-3.128534138111161433e-01
4.555125340283024959e-01
7.252431949821778190e-01
8.229260750691045345e-01
-5.647426124398234881e-01
-4.596983666361759702e-01
4.392116928671672693e-01
7.423725974135451100e-01
2.023035558833704006e-01
4.848866071706286335e-02
-7.481337097125203561e-01
6.459454469041445712e-01
2.585617807525005807e-01
4.862987841512426135e-01
7.928495299974307464e-01
-5.382554714829760334e-01
-5.649646096820011287e-01
-6.478300807305403808e-01
-4.551112056148858276e-01
8.509580948273193224e-01
-9.942856734301266930e-02
7.114062346628085010e-01
3.416527159455615692e-01
6.005307075349295420e-01
-4.938830421092361145e-01
-1.686174256386448744e-01
-8.330940840856172480e-01
-2.509558350440219687e-01
4.064495948769222267e-01
-5.282941178481043165e-01
-5.335064754228769912e-01
-7.526352002470442226e-01
-3.625782359967610891e-01
-3.626131408820053026e-01
-2.166330218098585225e-01
4.170024511668375400e-01
-5.905179030111129546e-01
-8.678619735828687620e-01
1.297066715336298026e-01
-5.992732809814104167e-01
-4.530860835808915854e-01
4.029105613015308562e-01
5.107595856563820064e-02
3.311080852863247381e-01
-4.105262695983172838e-01
-2.071067773346599861e-01
2.906534635004821565e-01
-1.793634432647820687e-01
2.605226806466900413e-01
-5.019500995307505375e-01
-2.863009832427368950e-01
-5.507708129324161150e-02
-4.351090702356039674e-01
4.222765211154044240e-01
-2.048850604822507679e-03
-7.075171422254961096e-01
1.575807124673138659e-01
-2.299982237418904396e-01
3.307068011562634413e-01
2.829192281840071654e-01
-4.203180456843988444e-01
-1.991675779549754444e-01
-6.952837760630543595e-01
-7.804366731890637343e-01
-3.886672305916992753e-01
-7.307623571926546990e-02
-1.260532343671983690e-01
-2.349118796127144249e-01
-2.059107187233542857e-01
-7.509375924266370461e-03
8.925488442707916192e-01
1.710393834893342291e-01
-4.938297418963321639e-01
8.128861339840590672e-01
-5.296195120907923881e-01
-7.475840093098137240e-01
7.510451442131770294e-01
7.713151251608263426e-01
-5.077217276865567674e-01
3.407554713389145951e-01
6.095527529373182540e-01
-3.975305742349971028e-01
-1.732843662268013785e-01
-3.267744723974749244e-01
-9.515130573534424929e-01
-5.986968095578698579e-02
1.166007513967800419e-01
6.131726989116037529e-02
-4.570101813584593331e-01
-3.174801809283723242e-01
1.228275826166952585e-02
2.017825691797730525e-01
9.899230351894550139e-01
3.544459132907415988e-01
