-6.644241771223072801e-01
-4.214414424749240995e-01
-7.114911307437672416e-01
-6.742028295741494537e-01
6.886488653549038830e-02
4.601943830793964740e-01
-8.434153938074591128e-01
5.331293425430121413e-01
-3.165376943428810375e-02
-3.822112548442911928e-01
3.302795651588303905e-01
7.310540245861938402e-01
-9.895411346475815328e-01
-2.672756504714328685e-01
-1.302009079759062216e-01
-7.459554334427178635e-01
-3.446002381179851803e-01
-7.429182530286484454e-01
-4.663006493446508749e-02
-1.548832101868340416e-01
5.497135493116915850e-01
-6.290271649824730194e-01
5.526569974902089122e-01
3.528520336821531767e-01
-7.608973797870068889e-01
7.112305282877924295e-01
-3.665699598677624182e-01
1.315314500618666171e-01
-9.800167770170322701e-01
4.553970476489736519e-01
-3.617475073896861959e-01
-5.770619823298172024e-01
1.478729237385925654e-02
-6.128021166397326080e-01
-8.530445939228663566e-01
6.358203677712314095e-01
-4.071758201567730051e-01
9.171710088089896074e-01
6.430192612088410087e-01
-2.284176126171089116e-01
-2.709408097724804731e-01
3.346594803105225058e-01
3.602798260200740788e-01
-7.991374643613555762e-01
1.207693273417498325e-01
-8.371898187077670972e-01
-4.521268735495986846e-01
4.034305298854175548e-01
-6.660792298294795355e-01
4.853893590838487815e-01
-1.765878166091074952e-01
5.349065703519684245e-02
6.413206973970853042e-04
8.001673789492930178e-02
-3.372847965552001614e-01
-9.537126685977684315e-02
2.381646102736718618e-01
3.931708002533241819e-01
-3.388574165999979626e-01
1.474976107760062050e-02
-6.586728717154028967e-01
9.185429929486125245e-01
-7.528495708167350919e-01
2.526057204943680801e-01
-9.997099912584280768e-01
-2.263996011634263339e-01
4.260859478114567001e-01
-8.766669628192432784e-01
-6.873320362698838171e-01
-5.092907345412289732e-01
9.720192048983948840e-01
1.488932086746678207e-01
5.990386446479378790e-02
-7.903575850178314877e-01
9.311470096267691066e-01
-4.854204297253343903e-01
7.580642108627326514e-02
9.848908670683262923e-01
4.040522166383546110e-01
5.199904441651264086e-01
7.024410172794102181e-01
1.806014222465390784e-01
7.354031645016547714e-01
-6.550036007706895314e-01
4.492287122359845952e-01
-9.356390290957175004e-01
1.616882537297132938e-01
2.349234508088082207e-01
-6.714572285184419176e-01
-8.653442474956979380e-01
-4.170290329244038530e-01
-1.758072921901527863e-01
5.666331128295906683e-02
7.903943160427100434e-01
3.730005249432952752e-01
1.257850275638089099e-01
6.831966763836214707e-01
6.534771519715651955e-01
-4.201348072481904117e-01
4.585069417154625793e-01
1.189378174420424039e-01
-2.934561165861124810e-01
4.844460294251545784e-01
5.271225512793937806e-01
-9.177744583807156964e-02
6.286940826163958107e-01
-6.991701164465946583e-02
2.686695196705513045e-01
-1.141840371747894489e-01
1.947897954898325512e-02
4.562215459229632675e-01
-3.284320075571300901e-02
2.065610931559530572e-02
1.295937781326595428e-01
1.577120388899836967e-01
-5.818259738381053037e-01
-5.266211247743144419e-01
-7.868773826208765865e-01
6.721873438089622788e-01
-4.931626915776354814e-02
6.732352892343815842e-01
6.296564189364872721e-01
1.145207445493339193e-01
-8.871996481863035910e-01
6.405917849566084010e-01
-5.899737086431253719e-01
-8.214399785188024605e-01
1.555320735612223115e-01
-9.962845824335913036e-01
-4.313577811438972787e-01
6.949775561220132847e-01
6.485789090345113195e-01
4.093805153675966202e-01
-8.069396534589978742e-01
-9.166561674343387534e-01
-3.666499481764027291e-01
-5.434729186001507895e-01
-2.040219201902178092e-01
-8.643351632301266019e-02
4.813209951882373994e-01
-5.286763737100685923e-02
3.892604745263701926e-01
6.306544685950021822e-01
-2.788273391827617020e-01
-8.359765910750704965e-01
1.731789323945508441e-01
2.747987593896634717e-01
7.921261264651693335e-01
-1.396268715166709695e-02
6.519287737374386271e-01
-6.848286761851110072e-01
-4.573405142837524417e-01
4.346726757186171186e-01
-2.772538047260628691e-01
-9.765505151479172419e-01
-2.652014633560560997e-01
8.608009576428969911e-01
8.810165707813006897e-01
3.660939694387665977e-01
-8.369766511775805773e-01
7.740204058691800837e-01
6.538950279825318512e-01
2.949068788079849401e-01
-2.307152747802659887e-01
7.261435596007215221e-02
-5.898465035100137754e-01
8.819781141117672973e-01
4.222289061605093430e-01
-3.313214110527024081e-01
9.018039289800477976e-01
-3.292736392173359894e-01
3.902441856459165637e-01
-3.604656713784782918e-01
-2.770198805061532266e-01
4.796544908561327647e-01
-5.388846883686488898e-01
-7.452618585751459301e-01
-8.783784159381693435e-01
-6.639688276426713998e-01
6.276444400851768357e-01
-4.785136283670876067e-01
-3.114823809567846546e-01
-9.058765678760151152e-01
8.932184300865151361e-01
-7.253447502477786690e-01
2.315160848904538327e-01
-9.246464618596395013e-01
3.240960456744984564e-01
-5.572637369446566957e-01
-5.595139760630312153e-01
-7.037682489672153485e-01
2.311647379311790318e-02
-1.513460722049398965e-01
-1.263409304220422247e-01
8.102995644964854360e-01
2.468954261153303853e-01
-1.378744624041313149e-01
-4.866404070310691998e-01
-2.457798366820795888e-02
3.483767729834920668e-01
-2.145262561012130087e-01
-5.958325198888455576e-01
-7.422473034780281420e-01
-2.941969100291775829e-01
-5.570672941483623131e-02
-9.862190072448421274e-01
1.640119842604126355e-02
8.218357145340990932e-01
2.457458427957458502e-01
1.493545049945572689e-01
-9.616667900744134689e-01
9.473412833827135060e-01
2.488193181396014531e-02
8.177722867046612887e-01
7.422871399171506734e-01
-6.660817757019514840e-01
9.144393341555768773e-01
4.100718276591244216e-01
3.751656854030576138e-01
-5.228022701516727988e-01
-2.406793147481434136e-01
-1.393735079574920654e-01
1.616451660980633420e-01
1.303818735800088835e-01
1.964897370983920144e-01
2.902631393756935907e-01
2.412740880054134451e-01
5.974454365075402285e-01
1.341316730929058565e-01
4.662621535728190270e-01
-8.429184480302389648e-01
3.542112157608499068e-01
1.243586644670333641e-01
-9.806964705264500370e-01
5.048983950538723509e-01
5.510683631439561303e-01
-9.745298642003645817e-01
7.583328346099049710e-02
-3.400268023942470963e-01
-9.024294275383810682e-01
-3.061836709714396143e-01
-6.847051015211129688e-01
-6.820076877390028880e-01
-8.221331555188194917e-01
1.072086838379482376e-02
7.668368273111785260e-01
-7.384358740126983900e-01
7.133581221977810527e-01
9.150771051741519724e-01
-6.649935753956653928e-01
-1.746353573420079686e-01
-7.067203566431773387e-01
6.306206913923775303e-01
5.857000089558546119e-01
-5.698164926767460003e-02
-1.732926566030437987e-01
-8.995342277128848263e-01
-8.801296900824124858e-01
9.613115232330777804e-01
-9.740498105240293913e-01
-4.869511514580096012e-01
-4.480439316890055257e-01
5.547597332845306539e-01
5.458597614033743328e-01
6.344719443810222792e-01
