-8.928653715030567817e-01
4.100631620919746867e-01
1.315755371141238417e-01
4.585044723990854831e-01
3.257126479568727695e-01
-2.162653222484526294e-01
4.789563941106387834e-01
3.780556928193851696e-01
1.808484622525033947e-01
-5.356893119250860646e-01
-2.601335005291985913e-01
-2.883694406405346022e-02
-3.250342923611204138e-01
-1.922045054128407315e-03
-5.610850383859099511e-01
5.029103168280253389e-01
2.286754243990800628e-01
-5.522595901695647180e-01
8.326190265452176886e-01
-9.499288365472300377e-01
-8.873914180706699018e-02
9.228946467315177205e-02
-9.982517741443548420e-01
-7.749723282890371712e-01
-9.716100393125882695e-01
-7.015602285162789720e-01
-3.194851351106274828e-01
2.804479805305444828e-01
9.519699318764469620e-01
9.303358390883769147e-01
-2.405817858165699152e-01
7.448116738158010453e-01
-3.713578061063887992e-01
4.952344174214999839e-01
3.087091903871443943e-01
-1.169355400084113317e-01
-8.837987903469028961e-01
3.284198933617190619e-01
-4.736686827104597541e-01
-1.718037589328695325e-01
-4.188600424570010361e-02
-7.724674074389284995e-01
7.499342224972203041e-01
-3.815307731119761403e-01
-8.495949474686305125e-01
-5.514908027958156378e-01
7.203479856647998503e-02
-6.838497016135292039e-01
-2.485149449421800716e-01
-8.230171101515900700e-01
-5.267701378578404370e-01
3.016542883541589726e-02
-8.808467382103883914e-01
-3.276748291572073590e-01
-3.284335532977671335e-01
-1.027985536683565793e-01
3.519898223744406529e-01
-1.104253091702354084e-01
5.123804207670121791e-01
3.398950262267662614e-01
3.558024647755331227e-01
4.199725210330791381e-01
-1.817192097605768719e-01
9.371465534642362538e-01
8.463110722270832109e-02
5.922927217903894981e-01
5.119943970557478963e-01
1.698389316254234060e-01
6.682287570383078634e-01
6.635233223854886120e-02
-1.925299290324276047e-01
-6.632810111850371282e-01
-2.331695391496451664e-01
1.240696865738123433e-01
-7.118629305028842946e-01
-9.681960617610672060e-01
-7.379001934103590621e-01
1.420985917671401810e-01
-6.256925581375685219e-01
3.673459763154857116e-01
-9.821861557955272604e-01
-9.569030904466541143e-02
-5.273083721519338241e-01
9.479190493511394644e-01
-3.556393884996821297e-01
4.089058278481266795e-01
-3.892496006486912963e-01
4.115163010459038651e-02
-8.508467323710455776e-01
-7.053729674939054339e-01
3.977882318833005915e-01
-6.260544122971676284e-01
-8.332396753900976893e-01
-6.203068732761953807e-01
-5.865334674403022142e-01
-4.756557575670291027e-01
-1.032672656340041240e-01
-9.091391590252995147e-02
-2.136941338845290694e-01
3.168660597673564894e-01
3.571804716929527501e-02
-5.850504620234554531e-01
5.138137420065274075e-01
3.109642694823742115e-01
2.307755775120243769e-01
6.274179150122660698e-02
-3.487232454802356996e-01
4.035711631605881089e-01
2.498615449886216755e-01
6.185831970080892805e-01
5.565651307354634314e-01
2.044600319541020617e-01
-2.932602254253497964e-01
5.286024217983539275e-01
-1.879398594585686144e-01
6.788755795050168684e-01
-4.282451598590903963e-01
4.200170023955506204e-01
7.005051733625522470e-01
5.589645757166779028e-01
7.428674107906536594e-01
2.750730175293567559e-01
-6.646605554067721577e-01
-6.111774321260395743e-02
-9.415201518168249128e-01
-8.921203813453011389e-01
5.308038361638496294e-01
6.082970837394177099e-01
-9.992394763159606619e-03
-2.168751880808992838e-01
4.339359830885841651e-01
2.203398575693160666e-01
1.378660554032826724e-01
-5.325292321507999471e-01
-4.009432891079989236e-02
8.334186755527337453e-01
-7.681060876281164962e-01
7.308481507591688686e-01
-4.447869622784406118e-02
1.118108596975918578e-01
-6.379699051350802286e-01
6.804374696658510580e-02
-5.520569314870076294e-01
5.111833091705040300e-01
8.283056689443291098e-01
8.352278239949106897e-03
-9.220934757208385513e-01
9.933305612907374904e-01
-9.642398070088495921e-01
2.716302420764127867e-01
2.851673991762967431e-01
-7.090107834040051404e-01
-9.977224270983029442e-01
9.126636921065602870e-01
-4.708128472804744002e-01
8.855814258893718316e-01
-2.076650451533532116e-01
3.225089193524358633e-01
2.162152947969206984e-01
-8.672294882810001049e-01
-4.679268369784168602e-01
1.952719046366214739e-01
2.370670252441328674e-02
6.331059899878842545e-01
2.342500530878687259e-01
4.545059723720684675e-01
-1.979675339014626001e-01
4.745440853213934718e-01
9.272629156663750871e-01
-7.946361206580304648e-02
3.763968857736625373e-01
8.040232448796473808e-01
3.327793965324763459e-01
5.920310966835550248e-01
-6.720039639339414617e-01
-2.200536534234158736e-01
-5.551461209450403445e-01
7.679910021538595144e-01
7.331631400511440244e-01
2.456001192439175584e-01
-9.606459087168357502e-01
2.449000490459745105e-01
6.873199471771369584e-01
2.146307616857517364e-01
9.668393668016398435e-01
2.117299967045598308e-01
1.332365697322601128e-01
2.357519578024808160e-02
-4.259398464134980800e-02
3.037582439096905285e-01
6.456025881525224719e-01
8.256133962884979471e-01
3.343990292094789485e-01
2.199961624392595683e-01
-4.762142046121413674e-01
8.424868901297409840e-01
2.190512437285178082e-01
-8.906621279551224513e-01
-9.284868828471755098e-01
5.122380315779193616e-01
-1.514265387572579780e-01
-6.259925155481127490e-01
2.809381892146441961e-01
1.317693319941524166e-01
8.551892364313224970e-01
-5.120194288075621269e-01
3.617685784726474285e-01
3.643612661376041117e-01
6.702719152987421936e-01
2.795021901082062610e-01
4.776893286762656232e-01
7.349967891551342225e-01
-4.056366724154856773e-01
3.530836188990696956e-01
3.179190950279835448e-01
7.451739976907835183e-01
9.810196268060469293e-01
-3.153366278296774183e-01
2.527082110260518988e-01
-6.625310340784986707e-01
-2.174726716167351692e-01
-3.468180859303761632e-01
7.328911422184577473e-01
9.950623620326839447e-01
1.285836081876611248e-01
8.283980963621406790e-02
7.660243703555615902e-01
-4.213172835325480481e-01
-1.980365847746766994e-01
-6.829253119997359400e-01
-1.805018991246520876e-02
4.366690676652422720e-01
3.887678650515922207e-01
8.189288599686035397e-01
4.058568592108822704e-01
5.624569357656719060e-01
-3.605870713671365246e-01
-1.512538476280397837e-01
-1.592914409613473137e-01
3.979729036746034732e-01
-8.640284811935258213e-01
-6.096998546898275695e-01
9.067987555407274192e-01
6.010979528212538892e-01
3.556613861906801621e-01
6.926461521680729039e-01
-9.174001966458231738e-01
8.163777358983552723e-01
-2.144911547925267836e-01
2.306551498041454207e-01
5.040199365455684255e-01
-4.860203893500562033e-01
-7.408622182014015234e-01
-9.233177190333637929e-01
6.485514516472293822e-01
-9.468228109458585173e-01
-1.115129284080441652e-01
-8.949613860764161766e-01
8.579486465801703376e-01
7.594558197369301045e-01
-7.234919436437956541e-01
-1.566223580700259743e-01
5.464958704236980713e-01
-9.221868840747808882e-01
9.450459552476364600e-01
