-7.353077132226735202e-01
4.526200786981930957e-01
-1.795918645292675642e-01
8.584885446451793189e-01
3.466776896039373557e-01
9.415467143415854334e-01
-5.423562219868272027e-01
-8.302252309508405537e-01
-4.919268435366639380e-01
7.811074254967464991e-01
-4.680647478733278577e-01
2.412080419406548160e-02
-6.927039687590137440e-01
-7.040885636306304374e-02
-8.419336236798484752e-01
-3.118271854329894843e-01
3.667122702945486701e-01
1.753450711774292015e-01
2.749464097660342388e-01
-9.741948808651554881e-01
-6.499976275774705936e-01
-8.392033045364761801e-01
-5.359202946720358351e-01
-8.253166479086305740e-01
3.497096877136212090e-01
-4.589833166757535388e-01
-3.270364305542854400e-01
-7.936449668357433707e-01
5.940779153647226529e-01
-4.535234090406633500e-01
-5.988132135913093457e-02
-4.734888289520172155e-01
-2.429542725000113368e-01
2.301545265784191718e-01
-2.329048744464432552e-01
-7.589157052476720455e-01
-9.575117440747584752e-01
9.112361588259304535e-02
-3.710443808265846410e-01
6.276922446098731623e-02
5.626502167082197969e-01
9.909474786513045030e-02
3.543335156462508184e-01
-5.609816541517210764e-01
-3.171196441504835484e-01
-1.219167390798207018e-01
8.835882644735376656e-01
-1.359412949856815822e-01
-5.086924457556596391e-01
-4.472045028316780357e-02
7.209356287989244771e-01
-5.512838365389056694e-01
-1.692266895568927954e-02
6.127137607150201504e-02
3.421031761149936901e-01
8.706694354545799763e-01
-4.103044171303818488e-01
6.306149768118927135e-01
8.790132190652072408e-01
-3.150876133510462918e-01
-5.072406582103445860e-01
-2.212285876881514013e-01
-1.351549438994558150e-01
3.828206975709658177e-01
-5.245943889248440017e-01
-1.496053070197574941e-01
-4.255343876436612494e-01
-1.312239210224002417e-01
-4.634260912084808837e-01
8.776219943708895022e-01
3.300874897891953319e-02
-4.922408052435601755e-01
-6.024673089604417608e-01
-1.574847199576653312e-01
9.360195018712462733e-01
2.947933317938344899e-02
-7.596951052747222821e-01
8.557445755966319734e-01
-7.636103580171749172e-03
-1.627623765882060258e-01
4.003736342456807318e-01
1.374488619282926982e-01
8.440198402905467745e-01
9.471458207242489102e-03
-3.663862185004275185e-01
8.904559945710235347e-01
-4.468470756730703597e-01
-3.994997847023749604e-01
-6.644472874554070430e-01
-1.482705544609259629e-01
7.570915495488146352e-01
-9.515563832812066192e-01
-3.609297849464709884e-01
5.480190370271342815e-02
8.910254402574557808e-02
5.297757660328274998e-01
6.409303042266554229e-01
-7.631519661980534774e-01
7.493392780288838928e-01
-1.160717618909237886e-01
8.545120047108253347e-01
-7.508559973278146060e-01
-5.510076186359134098e-01
-4.974925942125818512e-01
9.186065250857868847e-01
-8.809664574674469506e-02
-2.928367757674301686e-01
-3.341126694460733182e-01
-6.245249830881078879e-01
-5.666359009304386962e-01
8.830591795785109888e-01
-3.750100299602773246e-01
7.725405404131687748e-01
-8.879060055290499687e-01
2.457659397978391169e-01
5.169076729683663718e-02
2.964139549601252366e-01
9.295109933111049827e-01
-8.380702275273803625e-01
9.146226940693193974e-01
-4.921204892743650805e-01
1.544348488256539476e-01
-5.228371280982431202e-01
5.839028793003384621e-01
4.804946900843268254e-01
-7.993039755342035146e-02
2.677907551121063712e-01
9.267353755504341706e-01
-4.179883784772292499e-01
-7.385143995063018219e-01
-7.845256747256943441e-01
9.149798668174353722e-01
2.016740675571463415e-01
4.194364762012843806e-01
-4.048894257444293210e-01
-8.167917068860597318e-01
-2.902236768319010896e-02
9.276543388154986358e-01
-3.583069921870256636e-01
8.604605444886577192e-01
-4.740369796430576876e-01
6.662336401291790722e-01
-5.654522889180808587e-01
-5.714367984526484978e-01
4.475888774113215840e-01
5.804822840727532629e-01
-4.882956075741451407e-01
4.190469297124892467e-01
7.207749329333847932e-01
-2.305364671486724859e-01
-3.845599868079282446e-01
-3.439634604772618398e-01
7.502139462199189923e-01
7.099567150304544327e-01
-4.445341355114003079e-01
-5.272722876137847514e-02
-2.839799041731735918e-01
-9.329503028743690862e-03
-3.626035197457996295e-01
-6.143103840829177154e-01
7.155567230082868768e-01
6.681201952006619038e-01
-6.999224756589199625e-01
-4.938549498628732604e-01
-1.735663888377492192e-01
-1.831105549628353479e-02
3.289139153828127826e-01
5.668477770097544166e-01
-7.002071860899101718e-01
7.114401308182951578e-01
8.978069380610641526e-01
-5.310589784193814333e-01
1.396424924975726012e-01
-6.109340397618462370e-01
4.954910219558961160e-02
-3.154218814346615440e-01
6.715953896162036862e-01
-2.827594336963024091e-02
-9.074850446080089394e-01
4.497178408811094985e-01
-6.657895987223318990e-01
-9.078749859550949708e-01
1.521947607325040419e-01
-2.537296387071472648e-01
-6.267103677467443790e-01
6.640140776089127339e-01
6.471442180798533395e-01
-7.522690069008672875e-01
-7.295247395229893517e-01
8.527884656752777737e-01
7.520780055094042904e-01
9.429386258648477792e-01
1.124378396778072942e-01
-1.898732313489943646e-01
-7.858011893353900046e-01
-5.341674742841663603e-02
-8.902797265595109311e-01
-7.510062334473159851e-01
2.877842521308755508e-01
6.675811518598672167e-01
6.283824606022410109e-01
8.274513887888101937e-02
-5.522550627521587430e-01
5.357361435283876094e-01
9.635883594521623685e-01
8.037756092902962335e-01
-9.335110291466257593e-01
-4.997844616457501887e-01
-8.698005338941964260e-01
-2.504923746069956936e-01
-9.608134330356448150e-01
-9.124546335801377861e-01
8.439186233757701716e-01
2.249647874538392989e-01
6.783445670348037249e-01
-5.276644551530034200e-01
3.433584463588081892e-01
-4.696631149649531656e-01
1.333093185499227840e-01
4.767528573032737693e-01
-3.447051800581846237e-02
-6.429076734694056938e-01
-2.170112811137949738e-01
8.016786445235175584e-01
6.933122345207896053e-01
8.644695063914706878e-01
-2.118243900536270763e-01
-2.474056480051619877e-01
-6.820991323500240622e-01
-9.515278128248021439e-01
1.066100055805765390e-01
-6.391750438764856046e-01
6.170469480783872251e-01
8.161638638481477637e-01
-6.483666488129302685e-01
-8.735653243919143662e-01
3.013655044921050852e-01
-1.517185540219136985e-01
5.357145081669176800e-01
5.355333776370699850e-01
-6.137797474921621865e-02
9.679280907583842630e-01
7.683142243710661123e-01
5.096844072701114392e-01
7.399538646183603241e-01
-3.152035988504018338e-01
-1.467999766354574076e-01
2.173519936213610393e-01
3.400546434016623598e-01
-8.815379965555307784e-01
-4.479966114836659852e-01
-5.444939044608667622e-01
7.366775176843567419e-01
-3.773275956483555515e-01
3.834673538476376375e-01
9.017960157496194284e-01
-9.354063245170944896e-01
3.459157828507003485e-01
1.022014479918863517e-01
2.165108170478979854e-01
-2.092865742123335426e-01
5.534296765775355009e-01
-4.600832012676765448e-01
8.444573456176511783e-01
-4.084931841430802790e-01
