-4.313540037521590431e-01
5.967798349586495021e-01
-6.240298042472762763e-01
4.784157542968012766e-01
8.885532851926971620e-01
1.706153174110494053e-01
-6.316464575985669683e-01
-7.941191212313956083e-01
1.987802310288713237e-01
-3.536862093405630514e-01
-1.559838776504154367e-01
-3.211728225116254887e-01
-6.722567193182484857e-01
9.486412328635966951e-01
4.397326207358371875e-01
-4.640681182872770094e-01
-1.492922410455955751e-01
5.081707418447822810e-01
-2.417535914606139258e-04
7.711419343394214643e-01
2.332122977443955580e-01
-6.534372039653746356e-01
-8.658090492195653631e-01
5.132404817935825037e-01
-9.282336320844128963e-01
-5.537508488243773064e-01
-4.497949929223681309e-01
2.493241548738371893e-01
-1.143782252832121760e-01
-8.976829579677680915e-01
-8.595009184722446349e-03
-8.315435021301025298e-01
-3.077300168893932764e-01
-5.017901901596732994e-01
-2.223691539877750145e-01
-1.608340449723635324e-01
-2.183847536747271501e-01
3.307744360360140856e-01
9.816566822882855092e-02
2.621736931893847711e-01
6.899994441817902668e-02
2.196570786018066102e-01
-8.282968894245188451e-01
7.103949685916652879e-01
4.596153965875853231e-01
-5.339104459159011995e-01
-7.344653189009737737e-01
-3.398379906965041108e-01
-8.999189559044731279e-01
3.961785631972625232e-01
-1.804060664158435578e-02
2.710218095146117445e-01
8.108931622621958768e-01
-7.343287707087502447e-01
1.749555648556722076e-02
5.481699476617876154e-01
2.282960837954342292e-01
8.518034821628457376e-01
4.850876735407267937e-01
1.965086302505330007e-01
8.888704032528006449e-01
5.012790420171049366e-01
-1.450835707754338788e-01
-3.240155886549339614e-01
-1.175661366811571185e-01
8.385166804762733683e-02
-3.684023250874792765e-01
5.887955482535367491e-01
2.879749052977333967e-01
1.056516516789824944e-01
4.231169337499223193e-01
9.624780020238972167e-01
-3.550348553424615972e-01
-7.669095754406973775e-02
-9.952208503114046145e-02
4.732666167524264278e-01
-4.294083679750326787e-02
7.198868007952881065e-01
-9.863602009355627587e-01
9.615701210860713166e-01
6.554277131947006119e-01
9.918269019379200024e-01
-3.488599522791615559e-01
9.122740020568949060e-01
-2.315039669358220920e-01
3.921824845730335074e-01
7.102673398660273030e-01
-5.222412732558225912e-01
3.966712110562942151e-01
-1.507298453529186677e-01
-5.034248797069198478e-01
8.882733331469709892e-01
3.115069224632742717e-01
-6.257614641026942870e-01
4.813486037630994030e-01
-5.841591932669198961e-01
5.100406113919773166e-01
-1.214937519330596682e-01
8.770079133896637735e-01
-2.235490325839413206e-01
8.369738860048991924e-02
-7.339975329315935326e-01
9.379944925462770922e-01
-1.010534797028052045e-01
7.153470033054160071e-01
9.569092757323744980e-01
2.538934365659326620e-01
3.225229990742195518e-02
-9.910485256181051916e-01
7.761757082762303916e-01
4.557608711455014561e-01
-6.232191331324322681e-01
2.123624523959317667e-01
-8.176304312604327773e-01
4.109702083930681926e-01
5.981645123026262389e-01
-3.833354993666873156e-01
7.579349175254317394e-01
-7.555305806524936774e-01
-6.665270483768239718e-01
-3.928468807694904807e-01
-2.752782013986878606e-01
7.219275156962114970e-01
3.295806593460640088e-01
-3.379626320169042408e-01
-1.143782422619608052e-01
7.574085164684298821e-01
4.929017320556847714e-01
-2.826009275956040678e-01
8.358109131139650483e-01
-5.466579940120110948e-01
-6.484443653397795604e-01
7.246860877453931149e-01
2.265857015104451033e-01
-2.738715015228059269e-01
4.743393479571655358e-01
-2.550944781728905486e-01
7.828309969815097080e-01
8.479483654217399025e-01
6.066144580733445757e-01
5.445601677745665059e-01
-5.529171062061186692e-01
8.512486546955559952e-01
-7.851392383517594720e-01
9.813702528041912121e-01
8.516682437817679752e-01
3.130149631605587679e-01
8.172497790927879535e-02
1.178580498901740103e-01
-2.454456722681750414e-01
5.272151070767625569e-01
-5.770135214239604515e-01
6.984688569872271602e-01
6.021594313811478028e-01
-7.213308069324051441e-01
-9.534069826295070715e-01
-8.962371694679371892e-01
-2.774482455907926332e-02
-8.171494997066270916e-01
6.134791895515336879e-01
-9.574768972395755195e-01
-4.434436307333688987e-02
-6.503369184148044546e-02
1.109288409387931829e-02
-7.982036238139473827e-01
4.810051145952214391e-01
-7.189669464041938962e-01
1.812476233951008098e-01
-3.069485294506772988e-01
-6.606501037304761681e-01
-8.843203403892022640e-01
9.895502500492698861e-01
9.909330646254170816e-01
2.179818016938531167e-01
-4.728788981838483174e-01
-2.984867363626532155e-01
-7.524646415704789870e-01
8.352526794640730001e-01
1.825686166109117270e-01
3.046064973019437794e-01
8.733869251267507572e-01
5.612578162519590297e-01
-7.694017971040225667e-01
-2.663443250774213400e-01
-7.121257945818169066e-01
-1.243968584388861487e-01
-1.961049008832797536e-01
2.132230088050606209e-01
3.827093253796556294e-01
8.340374482693937441e-01
5.625045872213754183e-01
-4.031408154564052881e-01
-9.260531406665497567e-01
-2.485737920161541492e-01
4.931878595936982634e-01
-6.111289950445235597e-01
2.512944589391641337e-02
-3.764526468515845270e-01
5.981121353261802387e-01
-7.193132035846244721e-01
2.237246725836490313e-01
8.632339933246102603e-01
8.171021390829960040e-01
7.612441224664414641e-01
4.324787448359606046e-01
8.016272559974038092e-01
-3.492937626008663088e-03
8.077294525845513107e-02
8.959253795349708671e-01
-4.072322195704192183e-03
-4.771704870496503714e-01
-4.936362727307328502e-01
2.638353617411566265e-01
9.721895007250835885e-01
-2.480218226549113503e-01
5.478805816586855837e-01
5.815069004202439995e-01
1.970989692160471929e-01
4.985007912620687542e-01
6.909266040387758157e-01
-6.564121554939643666e-01
-1.312053527178336232e-03
8.722018543365126497e-01
-9.232494123557650756e-01
8.628879557871996786e-01
-5.350235921158872365e-01
-3.965988950711021310e-01
3.011082485270559772e-01
3.746834308795181645e-01
9.035614418824092775e-01
-8.737037946624457430e-01
3.116600909678168829e-01
-2.133116708076929768e-01
4.496179665571372053e-01
2.125451860900973156e-01
-2.415577169319806927e-01
-7.568221428999708511e-01
9.556843799886187707e-01
-9.822710544325730098e-01
-8.395390437697627384e-01
6.983203991172304281e-01
3.411334043050473497e-01
2.174007273037312782e-01
8.361585284682553354e-01
8.799547976808510530e-01
-4.083231622822959261e-01
-9.206375355942029159e-01
9.175160150624186439e-01
8.840311187640574886e-01
-5.013504404656670133e-01
7.943679367902167776e-01
-2.486903040321812863e-01
7.590103293726229161e-01
2.036245877616860156e-03
-3.449702202730686729e-02
-8.995849817215944011e-01
2.232164059028547420e-01
4.483766827297039903e-01
8.537691187907032742e-01
3.258672104456505902e-01
-1.378163132578598127e-01
6.213536469243834404e-01
1.823635244254240284e-02
-8.918832918695942524e-01
3.291265631959569560e-01
