2.112246527206704250e-01
-9.411705936891795465e-01
-6.498413490067456166e-01
2.897184019905179042e-01
-2.583241203763754767e-01
5.431841524686311651e-01
-4.896563633049408337e-01
-2.589774656183716495e-01
-7.705095180309141645e-01
-5.722578656068427749e-01
9.959565507519904659e-03
-4.350965822427007579e-01
2.275193788058354205e-01
3.239174926155202056e-02
-7.774744425896624733e-01
-9.319354627830979121e-01
9.838695167804956121e-01
3.263705216080997618e-01
2.926374028816211559e-01
-2.823146649453061457e-02
-3.493441211103051058e-01
3.390955825790541445e-01
-9.673710990626565032e-01
5.253010169612717384e-01
-8.405630819173355306e-01
9.561458021434644516e-01
2.856599251232536107e-01
6.300882849654609874e-01
-1.874911774316127822e-01
-7.756967892394124320e-01
-5.371338482688742255e-01
-6.592654847058456724e-01
-1.035369872997810720e-01
-7.397077478765942127e-01
-7.370960698672428535e-01
-5.342496597974734085e-01
-3.437494749385194837e-01
8.213502616643584275e-01
2.220316718785258492e-01
4.891244692232707969e-01
2.653360756660490538e-01
2.114066417046021884e-01
8.426314765168714249e-01
-4.097011794431307807e-01
8.231214612961247346e-01
-5.810484136482630957e-01
-7.107005798363494886e-01
-1.702446720909136513e-01
-3.450147798882797212e-01
9.972947978467905372e-01
5.618751419077435694e-01
-4.502649708590126254e-01
-8.308578249347318145e-01
-4.674570754880184864e-02
-8.037438451579292931e-02
7.787367018735610324e-01
-3.069042204262272810e-01
1.462577575121345452e-01
-3.497033871265088356e-01
4.555311490189904028e-02
-3.455071492501700092e-01
-9.481506210216470443e-01
3.372152685751884926e-02
-5.401908671005930529e-01
6.381243711333507429e-01
-2.380402125176874217e-01
6.142359675785395989e-01
5.449422136502674041e-01
7.869700544086331018e-01
-2.373208424864343413e-01
-7.666613717680863527e-01
-1.864046130033881477e-01
3.157927963358001522e-01
6.437594698314232089e-02
8.561353756338626608e-01
6.464399489508598773e-01
-3.067658829631418338e-01
1.519654531350193294e-01
3.679281090115384956e-01
9.710015915470220360e-01
-5.442510398493184409e-01
8.737222496704928343e-01
-6.740142757870509760e-02
-3.196641985541927022e-01
1.114385083392017833e-01
3.558857472768319763e-01
-6.968217845000684862e-02
5.400731584078353187e-01
3.836642107020344361e-01
-8.566534921335343666e-01
1.499987753190540687e-02
2.941292983582248222e-01
-8.473629280704123579e-01
-2.733840403764816185e-01
7.159470366752045400e-01
-1.711013868489296430e-01
-2.152483425195878541e-01
2.183227748489541820e-01
3.796775843582759352e-02
-9.367939981872552835e-01
4.939984823995655638e-01
5.887846810843724299e-01
-2.662561684343170976e-01
3.703669452286007524e-01
-5.690139624330339263e-01
-7.662955312119423823e-01
-5.047869980985352223e-01
9.662298499114920780e-01
4.608197150282205418e-02
4.797918929481155836e-01
-8.097003412993031279e-02
-4.192199907275807047e-01
5.302187773737780940e-01
-1.182455389547376751e-01
9.804433901680595920e-01
9.040622858230187298e-01
-2.689650790949036918e-01
4.523912007061592355e-01
-5.420255180776734072e-01
7.987634138113486326e-01
1.178343923373527391e-01
-5.099875529346714620e-01
3.592168272807780838e-01
9.286980952011468782e-01
-4.013198897172533530e-01
-6.122154378045145950e-01
1.883560199864106610e-01
9.564210786321558633e-01
9.106702056584938809e-01
-8.128756167503914387e-01
3.147686179701655873e-01
-7.793891690523709059e-02
8.599728071033656551e-01
4.526978709593580674e-02
-6.392670440890271255e-01
9.336803779233245892e-01
2.562431652478457944e-01
-1.846557014878255909e-01
-3.390533222993472595e-01
2.998784241137820161e-01
6.667324833343152291e-01
-8.361049070276580508e-01
-3.044600200995200567e-01
-7.106777110213170490e-01
-8.352739351560223291e-01
1.110250038346358992e-01
6.671403811704886833e-01
1.334794069068031275e-01
-6.315496349938903853e-01
3.894166837719792995e-01
2.695410702596203190e-01
-3.917761238345039976e-01
4.718087645560838927e-01
-7.347727492067644972e-01
2.311052292301105093e-01
-3.727643489393305930e-03
5.866635735055392153e-01
-7.791931456941966205e-01
3.019352892233822527e-01
-9.126209399051720128e-01
-3.616859460872606791e-02
2.378940626788160206e-01
5.340027542731650145e-01
-7.461166228198296002e-01
1.569153184207493501e-01
2.494525735048365722e-01
-7.716437646152944987e-03
-3.833292027310502559e-01
-1.468077817858129130e-01
-3.923540531505272932e-01
7.486961515161831837e-01
1.884393393032470776e-01
-2.063963421491189498e-01
-6.835857925000764501e-01
9.778186984204191301e-01
9.804885611979806681e-01
6.926015465778420088e-01
2.167079263520578225e-01
6.867481181222371278e-01
-3.069320856763279037e-01
1.859784665146121674e-01
-1.235200085297350620e-01
-2.560893081925336157e-01
-7.040031915889699565e-01
-7.727785881316291405e-01
7.325980915106682367e-01
-2.456272984438452045e-01
2.509756524783410270e-01
6.436594858562908472e-01
8.263385993215698055e-02
-1.431380535705503998e-01
-6.246743800220257992e-01
-4.352261655348609315e-01
6.366664556236729666e-01
-7.883033132452675895e-01
2.562116450764403419e-01
-2.183120779285195878e-01
-5.572403772968208546e-01
-8.288240410290844684e-01
-5.629513677381995373e-01
1.477044583608332351e-01
-3.424516849581028533e-01
-1.466549082446788332e-01
-2.260955524811416040e-01
-1.294962707334645358e-01
-7.829146135442511811e-01
5.241111999630381213e-01
2.810191701430689859e-01
-4.917069118204978051e-01
-4.633355523712311408e-01
-9.000881056396331514e-01
-4.126080240915416253e-01
2.516525794646632952e-01
6.644528469286438144e-01
2.119337289757442233e-01
-8.362660619533295037e-02
5.799859771925264945e-02
-2.678416925672544857e-01
8.201422958546786823e-01
8.398944762007263254e-01
8.769223684766030980e-02
-4.674081094722132290e-01
-7.729801652956773683e-01
-5.404333623393517971e-01
6.911107623122247912e-01
1.495187169591440379e-01
8.126589015646958902e-01
-3.053633265494297144e-01
-6.499977046178729845e-01
-4.957611815508529696e-01
-4.667687305787085461e-01
-3.234855077741632251e-02
2.614090554135380939e-01
-9.473290127430873675e-02
8.567191947637647909e-01
-3.263311028810256809e-01
-5.465059594342820404e-01
1.294675242462711984e-01
-5.763938570447312698e-02
2.944253962485290366e-01
3.095727761930321398e-01
2.620609344190161227e-01
-5.213706283463851454e-01
8.899304074270221188e-01
-5.408811504735180908e-02
1.393533681801082114e-01
-4.552261088145725249e-03
9.213868193516818739e-01
8.813259208562618241e-01
-9.053080867719303093e-01
8.133769845244370744e-01
-4.158071667541030636e-01
8.930466930628571109e-01
4.736980435801921296e-01
9.939153274795028414e-01
-6.938153549224475025e-01
8.837088655300855411e-01
2.975929258744384187e-01
3.932808748993187331e-01
-8.671530339939752252e-02
-5.131818855984788402e-02
-3.807016644118809134e-01
-7.002634448483393559e-01
7.907115282758238051e-01
-4.808260903635624417e-01
