&average_mean: [-5.1319805 -0.1862315  5.194398   7.393597   9.0306115 10.454713
 10.8188955 11.4195605 12.176124  12.479353  12.371923  12.2706805
 12.3129845 12.660712  12.931665 ]
&average_maximum: [11.432593  31.9478615 32.0230655 29.436658  31.356663  33.9512495
 34.5864215 33.8104505 36.573238  36.5185815 34.269839  31.04771
 30.4023215 42.8883085 38.438653 ]
&std_mean: [0.2057725 0.7069865 0.432017  0.949064  0.9468275 0.72993   0.5199795
 0.2142965 0.035631  0.481878  0.488347  0.1490275 0.1175555 0.710576
 0.577636 ]
&std_maximum: [ 0.869493   0.8616095  0.9372295  1.985913   6.070527   2.5286785
  3.2119385  2.6694775  2.062266   0.0386535  0.241133   0.093263
  0.4353765 12.2398035  0.025737 ]