4.000088143626271964e-01
6.150181176395979055e-01
-6.314791010295273121e-01
5.325409964132843399e-01
4.619722941969146568e-01
-4.740211662207835519e-01
9.526472341136915656e-02
1.338783304283463482e-01
-6.456809409121060384e-01
4.939292885969226443e-01
-4.129010740370558930e-01
9.265465617748740446e-01
-5.166532812770731065e-01
8.660411781515819918e-01
3.460635187312434136e-01
-6.111370788099961260e-01
-2.488064601253247021e-01
6.012327437695771937e-02
-7.258250841661701980e-01
-1.510561649218220559e-01
5.687419863771274731e-01
-5.991572985057086465e-01
7.189537493569677640e-01
5.353145973450528228e-01
-1.803976216189433490e-01
-5.606088013108745383e-02
-4.532307882431791946e-01
-1.261901619807181407e-01
4.196453091828022952e-02
2.045849339574762338e-01
9.458224676768889339e-02
-9.172782819850812119e-01
-7.908141988422363600e-01
3.298750527372493746e-01
-9.600488234542979837e-01
3.789834300349870233e-01
-1.011939656583863423e-01
-3.552046840665228356e-01
-2.804001590588197645e-01
7.961527484034089941e-01
-1.118534611653874133e-01
-5.213621798432681587e-01
-5.329335606590976937e-01
-4.054242875540626789e-01
1.235570477076739504e-01
1.030044995435766553e-01
2.869444601937862771e-01
-4.817181299292473962e-01
-2.556130045046578481e-01
-5.778096768591503007e-01
7.167212519372057056e-01
8.951812912066602346e-01
3.378943434789580813e-01
-3.842926328408582393e-01
-8.066375701137051824e-02
-3.990465972104175751e-01
4.883881006292547511e-01
3.050380002485730824e-02
3.203545384640872906e-01
9.772823455886834321e-01
9.039727363492511270e-01
-8.325164061722445386e-01
6.955055963135293728e-01
4.856926243159203627e-01
-8.485765830837672663e-01
8.258101223622356102e-01
-1.198275821972758504e-01
3.150408871465337768e-03
-3.277042683718041083e-01
-3.360163348248869086e-01
5.061795318971993307e-01
3.911927929231704404e-01
6.416878554500875520e-01
8.765823637545215874e-01
-7.141765674113282891e-01
5.550839749109935939e-01
-9.588635715207695087e-01
7.943090582249625609e-01
-6.354777247151461861e-01
4.705568598637333011e-01
3.748517740560167177e-01
-9.056906479626884998e-01
-2.822629603517099461e-01
9.735765122703579078e-01
6.262694748785773147e-01
-2.272552431838477105e-01
3.695469893447067555e-01
-8.436527157985365122e-01
4.268151771636461422e-01
-7.772603124433224986e-01
8.230503235137158757e-01
6.368028203983880919e-01
-9.239282642516839505e-01
-6.710462588817114327e-01
-7.386958472588029956e-01
-4.881942607751048602e-01
-8.054126512622397094e-01
-2.874471358424349754e-01
-9.648285581001253552e-01
3.083232361013754641e-02
-1.876014576790186461e-01
5.524747585466999178e-01
6.056854709040123685e-01
-1.306827011682697437e-01
9.891481879992565229e-01
-2.198205139460296387e-02
-8.212811192004907390e-01
-1.272059523255351376e-01
-5.665668351349842924e-01
-3.424684029914140670e-01
-7.501337979409908874e-01
-6.850916362500582002e-01
6.176486962583347395e-01
-6.328378506486089794e-01
-4.409695112333749112e-01
7.349428473175634302e-01
6.774525467830899705e-01
-3.024843182653613738e-01
6.313347398891923090e-01
9.790302429894391922e-01
-5.481077260496751702e-01
-1.326925775021046139e-01
4.695551328141576164e-01
-3.323665410019722710e-01
-6.770180340818476861e-01
-4.689835974621802128e-01
-3.838108523225431945e-01
-2.645738845001917028e-01
1.295543073644927490e-01
-4.041105023303033228e-01
3.020833151637185576e-01
1.804251334107017102e-01
6.715238415059175958e-01
1.260013299786572893e-01
-4.320003186165774500e-01
1.208392255936354687e-01
6.950051559619652153e-02
-5.299658408827456757e-02
-1.360151444652146768e-01
2.035172561318225881e-01
-8.991097094246165433e-01
-2.439900684915168316e-01
9.953807872596198703e-02
2.323532684952500649e-02
-8.160632827923153254e-02
-2.767249399705582480e-01
7.453752608523441792e-01
8.592597791699267962e-01
-6.299658072115488228e-01
-6.060749109060675766e-01
-5.840376680995819081e-01
-8.423956680357089777e-01
6.323760312845030374e-01
-8.181065547256110015e-01
2.138876470454750267e-01
-8.252170761784942687e-01
6.880200715194402239e-01
-2.407437116998684956e-01
-6.573690042981896742e-01
-5.161316204714827549e-01
6.709100088218794555e-02
5.420618614009521385e-01
8.770130203008525971e-01
-9.511510726477847566e-01
-5.338459369091980156e-01
3.097526649903833418e-01
2.806967522649510549e-01
9.164406698279641272e-01
-1.585270861577878776e-01
-4.546800691253375382e-01
-6.972862852490284702e-01
-6.974251942097214885e-01
-6.454461159756860189e-01
5.793998611707682489e-01
-2.538348161225171262e-01
5.155389839971853405e-01
9.520694994332945527e-01
-6.925939692123255220e-01
-8.601011135388889617e-01
9.232675650404148504e-01
-6.088296302481817079e-01
2.984453652403429302e-01
-9.915629935430947395e-02
-2.342936706239723277e-01
-9.835590990142943912e-01
1.755469137699471327e-01
-9.903644315664354991e-01
-4.619950034792026372e-01
-2.119793291891511888e-01
-3.538402613750487591e-01
-6.247149065244637089e-01
-7.870581407400876195e-01
-6.826833735193369446e-01
-8.408063743870828333e-01
1.850395701925677261e-01
3.195487560720984832e-01
7.190272572002227580e-01
7.270730421432966550e-02
2.490020801037162723e-01
1.800186802662183672e-01
-4.819939940342510276e-01
4.666952827808193982e-01
-3.398958961744313889e-01
7.150113243960816156e-01
-4.101670603762501699e-01
-7.246281371559244455e-01
-3.812911582619544215e-01
3.731096223450152127e-01
-9.433989417948467349e-01
-9.091576982584435029e-01
1.156447988125792747e-01
5.416047026608316051e-01
-1.962311333313683515e-01
-4.525925052334207610e-01
9.756173881315178820e-01
-8.626935233921700918e-01
-6.473632106582288825e-01
8.667337319343901836e-01
3.910451035197569647e-01
8.064054120318571162e-01
-5.204378341097140037e-01
-4.629663233200547179e-01
7.645861454820771508e-01
-8.075014532901034769e-01
1.301798321289537874e-02
7.082872252216554365e-01
6.320248716154288626e-01
4.658589557722327412e-01
4.090741395300943051e-01
-2.469429223970729392e-01
-7.755312062253878480e-01
-9.235279138827430234e-01
-2.739819936338827588e-02
-5.604848423697356141e-02
-3.311606328309864011e-01
-9.334497769066357753e-02
1.368353596364908498e-01
-2.166630900313494257e-01
3.913846134866058035e-01
2.193377564982230132e-01
-1.656442282646406472e-01
8.993355446429425193e-01
7.675682113245504423e-01
-3.641851628423186105e-01
-1.206577329895693329e-01
-3.243144857738706754e-01
-6.959896627773977107e-01
9.746452213492149408e-01
1.697589353631462350e-01
1.498502696209840224e-01
-8.255567257309599505e-01
3.125900419562026578e-01
-8.457781218571236437e-02
4.097032652800985386e-01
-4.335277491553419793e-01
8.321603695194910166e-01
-3.296984203458692697e-01
-9.987075170874090135e-01
-6.732829859556282992e-01
3.792287667257141504e-01
4.765256042503464018e-01
-8.676116232472144141e-01
-7.248824131292579409e-01
6.119116917693590008e-01
1.624971950895031381e-01
