4.182751053059625690e-01
-9.748948063661966312e-02
6.154662801263354188e-01
6.641153422181618193e-01
-6.581897827561552505e-01
6.143598374594538836e-01
-4.677304333292139349e-01
1.608779449337537359e-01
2.312182071951569273e-01
5.161219603591782334e-01
7.524933003304266066e-01
9.962713165407399707e-01
-8.877231367046566346e-01
2.419772401747466439e-01
-8.932766440221889814e-01
1.699092957857611941e-01
-5.571326876171733833e-01
-5.631062584226902423e-01
-2.762366105248124093e-01
2.310407483994141309e-01
-3.837940013506231374e-01
7.710806844777020608e-01
-3.743342824042131811e-01
-2.874923083016636127e-01
-6.960161619728675308e-01
-3.589419072317442394e-01
2.677760705654058659e-01
3.752382347629563686e-01
2.401600822067699315e-01
3.333241284938928684e-01
3.218764119956678549e-01
-5.679897987480355681e-01
-5.101763666981043999e-01
8.340784880781647592e-01
6.962216814135457899e-01
-4.373478581286860400e-02
3.108991479933365110e-02
2.153897470789158941e-01
-1.972440556488933017e-01
-1.929884908430801183e-02
-4.883361462212334470e-01
-2.972488846173215737e-02
9.532678164657096831e-01
7.620231889088524557e-01
6.322325809612299174e-01
5.058299749692323211e-01
5.832715680676867631e-01
-9.596149117051750999e-01
6.660156022883513272e-01
4.454762673698684505e-01
2.567531392722981476e-01
4.211894965484869191e-02
-6.849583703839313698e-01
5.742363853032144139e-01
-7.643049929894252248e-01
1.537074026141445615e-01
-4.725838876115598941e-01
6.662640354972806378e-01
-3.341728812915016888e-01
3.129860325339015592e-01
-4.419682767916164323e-01
2.023500873400631006e-01
-2.887666181290796663e-01
5.318004506716331736e-01
4.270389762704389636e-01
-8.573021876587172407e-01
1.081207909948771473e-01
-1.606834503592991237e-01
7.736987515238343827e-01
1.689332690663370440e-01
-2.251577117263826588e-01
2.211675513186247555e-01
6.363055093539046747e-02
-7.395732416949847288e-01
-1.001756156440720413e-01
-1.026480645111226275e-01
3.601349417447838874e-01
-9.662693804772614081e-01
-7.288949892781568796e-01
-4.108096930333168806e-01
2.887581601336354220e-01
4.285235214606023524e-01
7.338519082760441847e-01
-9.283196446762864706e-02
9.514818128402151576e-01
-8.748677071884911616e-01
1.616909621013385423e-01
-8.122194652332476172e-01
-7.033242026426205218e-01
2.023938931319498868e-01
-3.528128385632423591e-01
3.315664334185903783e-01
8.793879617336581855e-01
-2.730470551728658712e-02
-5.489838352534611721e-01
2.897215421616090580e-01
6.144846829091812346e-01
-8.556584985405184529e-01
5.326829329928961521e-01
-2.409915449301517631e-01
-6.511710537237985763e-01
-4.145906778452036479e-01
-3.737642157860861514e-01
-8.716152821019165220e-01
8.353745778578087755e-01
2.557069823219870752e-02
1.200091400010994125e-01
1.101462379207961695e-01
-8.828474044545234767e-01
-5.198101926515593663e-01
-6.313507311146460133e-01
9.860901098738652504e-01
-3.918279961083937502e-01
-8.990204365737612946e-01
9.808197497408733811e-01
-2.094040715927245333e-01
-5.002810967378182871e-01
-4.276700106778712485e-01
-1.962741391497428711e-01
3.351511827061438575e-01
-2.865187566699755051e-01
9.731503140480518566e-02
-3.670878102733777792e-01
9.460269312778724071e-02
3.187792272891353251e-01
9.316617642601471294e-01
-2.273067332908964011e-01
-2.793006907346601841e-01
-4.139586087862772712e-01
2.496608996735463770e-02
7.727616488663158201e-03
-9.789787214829672735e-01
-4.560738953707508259e-01
6.223472888594634433e-01
-3.955674553874788946e-01
4.970654241874794543e-01
5.855743876252595959e-01
-3.582659006008770408e-02
6.178060866948298369e-01
9.631745599485069809e-02
8.331989022756998153e-01
-6.672371168502670979e-01
-6.510168492267107698e-01
-5.109031425846678465e-01
-7.437533409840547671e-01
-6.900721330409710363e-01
-7.818688874960266766e-01
-7.596939183292670261e-01
-7.597669000546946050e-01
-5.038742316169740887e-01
1.860342871545581644e-01
-4.442301796284666149e-01
8.068873679513178798e-01
1.943682876022768680e-01
7.355449295709952651e-01
-9.591692821847429551e-01
-4.700943579137140116e-01
2.747786954479737309e-01
-5.910080645484117046e-02
-9.975637913047508132e-03
9.098441996558894740e-01
6.001169584548394775e-01
9.648475574700118296e-01
7.538563789232326506e-01
-3.541181721566495355e-01
2.845851149887751452e-02
-4.745288037273562853e-01
4.024023350046063707e-01
1.026566059752591631e-01
7.737208255376012422e-01
-4.764659160396351734e-01
-8.397119194725295444e-01
-4.696282608770582234e-01
3.288944249868681058e-01
6.981064362083553299e-01
-2.156149464590461085e-01
1.122002663723387084e-02
6.966005152144039148e-02
-4.151397958632014329e-01
4.282985656150410658e-02
4.049344428229972870e-01
-2.739206145504102796e-03
6.248090954373075601e-01
-7.516080097538546667e-02
-9.194370786857779532e-01
-5.894058147969394312e-01
-5.465866030435523326e-01
-1.274696564300392687e-01
-5.110255977517722537e-01
-3.860520912963237850e-01
-6.442600436622534232e-01
-5.914796260168652120e-01
4.199176097910324312e-01
3.656749334377855654e-01
5.915348236655249003e-02
7.865231913907573258e-01
-6.737178161876418159e-01
9.527731210260023120e-01
-1.486321540652824069e-02
9.453151719464634173e-01
-7.034644248987209636e-02
-7.288180313942426158e-01
-3.330711354627714504e-01
9.877812572790899415e-01
-8.327773783700059829e-02
-6.089223899820014330e-01
-4.392273812019177326e-01
-8.387961254015379176e-01
-7.214272950843796384e-01
-6.298780136553072673e-01
9.922425574802236359e-02
-4.123455077616765552e-01
4.491849359517594009e-01
9.514440629840789088e-01
3.063587907539315758e-01
-7.533320089457223867e-01
-6.414398880149666526e-01
5.114126432199507244e-01
4.894039208219194692e-01
6.614790823376803797e-01
-8.784427374299045299e-01
-3.474087998410818612e-01
1.476291795435865639e-01
7.754609494527044955e-01
-5.235958069298030093e-01
-9.089639552720464311e-01
7.691755653597065479e-01
4.953253342898891742e-01
-7.796830723187364587e-01
3.200490046588715387e-01
-1.376583368794329076e-01
8.494930238111479959e-01
8.390440910037484379e-01
6.697316173448493171e-01
-3.921869135019878660e-01
-5.802019718059181486e-01
-2.933701288556136433e-01
-7.685855647303333482e-01
-7.186012940747487088e-01
-1.751824932299472781e-01
-6.942953972153618203e-01
3.366998034175122667e-01
-7.943121879407811781e-01
-1.960331267203048178e-01
4.816814683180214995e-01
-3.105353186184270919e-01
-6.115244806728974414e-01
-8.401101250585284452e-01
6.264654968846801175e-01
-1.064679936333363108e-01
8.580881223153322690e-01
-9.076180253551086041e-01
-8.231187530685240006e-01
2.514345660211883549e-01
-9.577415797238546524e-01
9.422717704436467390e-01
-4.719796339610171643e-02
-4.530310983984847661e-01
5.063055185743923214e-01
-8.987019062539474135e-01
2.261138498545988140e-01
-4.090356392919451967e-01
-3.165060494428492688e-01
4.950526199108729042e-01
3.583605683743067982e-01
