1.007346759814615744e-01
-1.174684357834282766e-01
1.435930833508348714e-01
-9.033992827495082034e-01
5.359052483670534439e-02
2.273002124688645598e-01
3.252373851611310984e-01
-6.537344830735154488e-01
-1.640725368090536485e-01
3.915514559525379301e-01
-1.241511989025247953e-01
4.289025520181430906e-01
-3.940487187326502383e-01
-3.151033871695348432e-01
-4.237689474607813089e-01
-4.935562538151352374e-01
9.402102277189232638e-01
2.896435477184564622e-01
8.680162677467391230e-01
4.782760200909315085e-01
4.099508221460451685e-01
8.109162251032759894e-01
-2.669578322994639041e-01
-4.545853782809139432e-03
5.432675767766054209e-01
7.106312476546490231e-01
-4.887326794493803139e-01
2.203693061628287930e-01
8.677324481029720094e-01
-5.983872102978704532e-02
5.213199086781676872e-01
6.815524867043467605e-01
-8.391105765477754885e-02
7.487030048391885018e-02
4.608073634085805281e-01
-8.959075011224506557e-01
5.596796225574858230e-01
7.727048043386335330e-01
-6.716324055619617983e-01
-4.341056246723491441e-01
5.836924870638879881e-01
-7.495156086942111884e-02
-7.372421599156084859e-01
-5.526136012579574430e-01
5.606512097872700107e-01
-9.398521920154681020e-01
-9.698666609402162297e-01
-3.897399699296888453e-01
3.643622873206882051e-01
-3.616087594443896380e-01
-8.673881715363598310e-01
8.080157329421646661e-01
3.875096802961209841e-01
-8.502142947205756363e-01
7.250182177271560224e-01
-4.803279648131406065e-01
7.536009117651680800e-01
-5.538663005702366693e-01
-9.875714640005689438e-01
8.892592378170475209e-01
2.419959955784090067e-01
3.795261611448560446e-01
-1.053875232612755397e-01
-6.426153004229560040e-01
4.678182230393960750e-01
8.539143673460414252e-01
-3.242760340695262089e-01
2.727613233999097719e-01
5.390918473609884742e-01
-9.101155636113122949e-02
-6.043616341978511608e-01
8.629508815111792686e-01
-2.725394329696395612e-02
1.073096301639978600e-01
2.638884347926173657e-01
-7.767048557591376134e-01
4.437807138505351912e-01
7.678019608804007579e-01
3.886921531730705981e-01
1.599448260557516655e-01
3.180216958783534942e-01
3.882713266430803944e-01
1.520336713682863272e-01
-8.436625441240952483e-01
1.287673160230521363e-01
-5.670662594197227735e-01
3.461908287110135873e-01
3.174683500520794066e-01
-4.531142260822995649e-01
-9.183706597463443533e-01
-6.386135582507698194e-01
7.651137924106704569e-02
-5.790109192497743251e-01
6.748867981000711280e-01
3.825098135551547873e-01
2.593193017776629361e-01
9.326114744191047468e-01
8.370770250286295733e-01
3.991305229445130109e-01
4.109916321350577384e-01
2.047681165528110192e-01
-8.455524112494454680e-01
3.766925929500564152e-02
7.442075156586108742e-01
3.492195282079849639e-01
2.540824990188991217e-01
2.817277036152907033e-01
-8.063343390948904954e-01
9.622586748475312479e-01
-6.488945082517951768e-01
4.663405682996231150e-01
-8.599672858855451629e-01
-5.485653948660518253e-02
-4.461710766373616632e-02
-9.130010285575149709e-01
-6.942184329126652731e-01
-7.955771077403819280e-01
-5.077337640390202633e-01
3.498751063486915669e-02
-6.615741232236069802e-01
8.146420029818335351e-01
-8.159053441939456697e-03
-8.446725397682453007e-01
5.633216403034189135e-01
-5.731253654236934114e-01
1.807456956838362494e-01
3.414290199626763278e-01
4.511371006784685722e-01
-1.575622735362030569e-01
-2.193532668902364868e-02
4.154277774123853462e-01
-3.797692897436059090e-01
8.275922395576047474e-01
-4.067630185372261842e-01
6.299331485275970755e-01
3.378802024471161403e-01
-5.017327364681354318e-01
-1.794247311978682813e-01
-2.977750393380873550e-01
-1.264697103816236901e-02
-8.952067397383136615e-01
8.470723532480983753e-01
2.663546543979962156e-01
8.855741179744740510e-01
1.130019156365542066e-01
2.391290802836697482e-01
9.667737430328557924e-01
2.134671984402825018e-02
2.734806319695517463e-01
7.868393206731267853e-01
4.646254570431085362e-02
2.175884521994822518e-01
-9.618401982577815534e-01
-9.040648460125790820e-01
-8.611758935568060158e-01
4.060824777616933168e-01
-3.586176927915982748e-01
-1.368666072643463238e-01
2.857429696155899812e-02
-4.251439845759685809e-02
-7.156417668375132379e-01
7.364028778758132665e-01
-4.445336049999941419e-02
-9.514055369089677860e-01
8.873299363016342589e-01
6.014359589629498792e-01
-1.930719728963352644e-01
9.464640775870025724e-01
6.086086436467488259e-01
3.002404834233025621e-01
-9.189704667901623658e-01
-8.253254228792604730e-01
8.606440823802770090e-01
-1.914561629860496161e-01
-9.895558877517460217e-02
-4.945605981308259791e-01
7.122577745273503957e-01
2.818463671226630884e-01
2.090221277624169094e-01
-1.238249560411755490e-01
7.345802755650627791e-01
6.010243222335247548e-01
5.012003488099849857e-01
-2.273678216698926668e-01
-6.251933844750215963e-01
5.450523192835453612e-01
7.982113374818828877e-01
3.423670352396753214e-01
3.271693379809217372e-01
8.726246890615911855e-01
-7.084966765955811319e-01
5.820935999347760514e-01
-2.972507029177604010e-03
1.142213819066364433e-01
-1.141019005025292743e-02
-2.407307232081052351e-01
-7.298927065019077398e-01
1.806860539223045237e-01
8.811640607667978742e-01
-5.237418211141794400e-01
-8.408341250392969979e-01
-4.836920374021131952e-01
-9.044609532783006722e-01
9.292638131340924534e-01
-4.499139782582233238e-01
-4.673960179559510930e-01
-1.491561925312237524e-02
9.353173366496625452e-01
-7.562256021502202774e-01
-3.507156758895437765e-01
4.584383692668922428e-01
-3.916925190964812842e-01
2.948375697872589463e-01
8.263892316030325702e-01
7.091083014512311600e-01
2.344851048873883848e-01
6.573548593104983073e-01
3.929365628879281092e-01
8.058682227136830800e-01
-5.543598783264314100e-01
2.093404681463683081e-01
-3.556323639270161374e-01
7.273874621252258699e-01
7.760008354612992765e-01
4.830643253310273888e-01
2.971318363655690575e-01
-5.525914376114055004e-01
9.110716164897336711e-02
-1.975246781351149838e-01
4.219678748937170099e-01
3.728896877017130462e-01
3.050670992656793201e-01
9.928070763624845529e-01
3.651104150109611979e-01
4.836630219680435050e-01
-9.761279762367989221e-01
-8.981322077910482982e-01
5.328458819872099461e-01
5.593054727011770311e-01
-2.725290351012016332e-01
-8.888781023864971154e-01
1.582980050207871692e-02
-1.646497493853105176e-01
-8.788739118279309537e-01
9.547671062425668875e-01
-9.737882338435976948e-02
-1.439274811892370387e-01
-5.733502288962426530e-01
4.675639099977051960e-01
7.719101938570861465e-01
6.943549263821553463e-01
7.993785102634973772e-01
-1.526061964488998335e-01
5.082145698177233939e-01
9.032804432993632449e-02
-9.614641028341301965e-01
6.986741647352590068e-01
-2.017600168980440145e-01
-3.104046499631268885e-01
9.049818432474922014e-01
5.327143600899687526e-01
5.608362892422202872e-01
5.120001719266202844e-01
-2.767248579929137975e-02
4.492239709380039803e-01
