-5.058706176660832110e-01
1.951545686714599437e-01
-1.348749997869274908e-01
7.636246839614081738e-02
4.516153338658705496e-01
-3.183398629038830530e-01
1.561760829232572700e-01
2.076341895175615460e-01
5.700736575100425751e-01
6.564215190719241422e-01
-3.544429133029359386e-02
-9.862858717018614663e-02
5.693876496692379385e-01
5.940836609225423892e-01
-7.128126174698333761e-01
6.123857744859152463e-01
4.120993792307299786e-01
-4.602456346186895031e-01
4.465628725870443572e-01
-3.587200499934725673e-01
8.841182687972268806e-01
3.613499724228540037e-03
8.213226687682534388e-02
5.632313202434418020e-01
-1.216455422616445903e-01
-7.916741842484038560e-01
3.813708008613366229e-01
2.427025243626575457e-01
-2.013795116608930735e-01
-3.994755313692948118e-01
2.149754870968001441e-01
4.585039268316341010e-01
6.153961199107938797e-03
-9.465821508956956398e-01
7.224899113105884840e-01
-2.314434204499576098e-01
-8.782020771363534539e-01
-4.840074508924098740e-01
-5.865481669266477960e-01
3.777467433178741674e-01
8.843872213490843182e-01
6.350372715524995604e-01
4.737325201715357204e-01
-2.704988333119661692e-01
-6.176271307693963486e-01
8.703582288908695563e-01
-9.712457105591684181e-01
-5.091700119334490182e-01
-3.739293806513166452e-01
-6.687273138741022249e-01
-6.530265096356117072e-01
7.034043523440817181e-01
-5.179839859801087243e-02
9.576427447061077736e-01
-8.889918893364628927e-02
7.530150612495735418e-02
-6.026221340795425707e-01
1.304808556653974938e-01
-2.486336756569076933e-01
-3.043014986726763071e-01
-3.696999639005699723e-01
-9.514120885518009274e-01
-8.319995063439792338e-01
9.954950697396675041e-01
3.310919868632876129e-01
-3.233098337831375457e-01
-9.118843980997098919e-02
7.685872840714810250e-01
7.548723158125569821e-02
4.300692569336477256e-01
1.946795352068862173e-01
-7.686251866896962603e-01
-2.306712152879107081e-01
-7.058193520793345499e-01
-9.594205606733358094e-01
-8.394521932281728827e-01
1.767997506966174082e-01
1.657557100558379459e-01
-7.823447093068476299e-01
-2.594317308474828332e-01
-4.770559102938215501e-01
9.159635181750005462e-01
-1.213097380546097476e-01
-3.506206698011367640e-01
-7.301197689549219216e-01
9.661596017701519212e-01
-8.176279143544358252e-01
2.715320795430692380e-01
-6.947931044942755596e-01
-1.654543177814510879e-01
7.872016558164030009e-01
-4.404325560024611730e-01
-5.676162608601321713e-01
-6.687533706830336988e-02
5.560182484185839380e-01
-4.693754540966367239e-01
5.214847194085374671e-01
-8.796027498810832235e-01
-5.962581588692400514e-01
3.659032727352681813e-01
-3.743026205171158804e-01
2.566758726315084699e-02
7.818554328937975528e-01
-9.379675138928762479e-01
-5.209680169682758821e-01
8.277236014759127292e-01
6.120443902758320176e-01
-9.021052489515930528e-01
-1.297396471664055972e-01
4.035630402640934533e-01
1.236042017614942118e-01
-9.587162924889732762e-01
-5.474278744661444929e-01
-9.202557400583454283e-01
5.394457070885643191e-01
-2.819684979196818153e-01
2.844854387695595066e-01
-1.632340632827597449e-01
-2.125517289019613898e-01
2.742361302064006551e-02
7.086787156706622071e-01
-7.523397212106194276e-01
-1.623661089371649657e-01
4.733688342147535644e-01
-6.495987711942254883e-01
-5.330215473977801821e-01
-1.836986423540569457e-01
-4.307998433209955791e-02
-8.758214492599846190e-01
-9.674964272335342952e-02
-1.187965560467195425e-01
-3.891489478284110293e-01
8.835403611232877097e-01
-3.819593163756475063e-01
3.745166870808724902e-01
-7.390328847492111386e-01
-3.442713133022616834e-01
-1.690348921517765002e-01
-6.127000873186214114e-02
9.944738884538866230e-01
4.192518152002941423e-01
9.375035516034407879e-01
-7.657549295484996632e-01
4.402958195776344730e-01
-1.318955438426370474e-01
-2.751040359241118671e-01
-2.916879427317243811e-01
-4.086551928611572571e-01
9.675688969938516237e-01
1.833366382172602616e-01
-1.381535272724568886e-01
8.585790165965170306e-01
-7.801733915649239348e-01
-5.720485307809025644e-01
-8.523182698873844609e-01
-3.378714321365777762e-01
5.242722827745885938e-01
4.972194349831940419e-01
4.593062306048694560e-02
9.212773263808555768e-01
-2.748483797385670724e-01
4.137926131466967417e-01
5.993504229256841898e-01
-4.196843387355067012e-01
-8.936720145186851649e-01
1.007863266659193152e-01
8.884786151047633362e-01
-6.983227317424739455e-01
-8.751712870080377016e-01
6.816091932690795385e-01
-8.226177209166396498e-01
-5.426616272245844419e-01
-3.667631969826165572e-01
3.877335939681825824e-03
9.003298462109752265e-01
-9.097931063905094762e-01
-8.460431555239725787e-01
1.184790812048464731e-01
-2.896283080349646433e-01
1.153393671048581898e-01
5.914261982512352134e-01
-9.712062641449467071e-01
-6.053042288447570973e-01
-1.361566060171693626e-01
1.273727199807830890e-01
-3.565103353683894971e-01
9.334807592286823441e-01
-3.709080075944964916e-01
5.910142928054578082e-01
-9.890032610077412190e-02
8.509584255669333519e-01
-6.271249346385709966e-01
-2.605151041525534672e-01
-4.838411933805117915e-01
5.989836660921977751e-01
-5.056704542547157955e-02
4.788074984714566495e-01
5.387258898130823370e-01
6.393783421825537383e-01
7.900002334178183316e-01
-7.466173131037087130e-01
-6.016812522761294524e-01
7.276516958081460373e-01
1.900183000207305781e-02
5.497580908772770059e-01
2.108460036487267708e-01
-4.568458821840756107e-02
5.487668701447852293e-02
-4.715351930302983940e-01
-5.426859906534370337e-01
9.593070740989112499e-01
-2.997524321085976440e-01
7.182776675106985476e-01
8.877664683287097569e-01
1.892680299500150987e-01
-5.472411974419888470e-01
5.608159635342868654e-01
7.690430445602034482e-01
2.565874448874892466e-01
9.729168050805711010e-01
-2.070876718406068906e-01
5.064212896814158649e-01
8.414317975227084689e-01
-3.479596978800603702e-01
4.182374341623896763e-01
-9.842234901076436782e-02
3.389000719435983355e-02
7.877153664257509069e-01
-5.836552989149750292e-01
-5.480835327646448318e-01
4.942240432203311162e-02
-1.064180195127873430e-01
8.306864108953331272e-01
-6.058104081027539944e-01
-8.332240139117299549e-01
-5.039786786551552211e-01
4.882321026994357882e-01
3.079415157574941220e-01
2.385469957363552940e-01
2.248010334165390367e-01
-2.502523788742257865e-02
-8.522042729897549851e-01
4.022296355046054428e-01
-2.577859105300945308e-01
9.935216222286634702e-01
-5.948828835249019287e-01
4.494929929633786903e-01
4.158198194530818292e-01
7.484678618759977864e-01
8.595437439765702958e-01
5.225694442862621747e-02
-9.092872770181404940e-01
-7.440750284909197765e-01
-1.958927458547681660e-02
2.328225098381098424e-01
4.267860818235836851e-01
7.736736042926621593e-02
-3.853605683795597869e-01
9.725527667990468972e-01
-6.703317877773782296e-01
-1.577663355019442160e-01
4.917042252380173228e-01
-4.821089906818187276e-01
-9.029481673472417036e-01
-2.535953318823734870e-01
