1.127885405304152044e-02
8.199638595551435039e-01
-6.765988799465731951e-01
9.510382798884816635e-01
-2.126867491862280968e-01
-1.369195734146863019e-01
8.375510667249307373e-01
-8.772820350647654308e-01
4.888863725718087805e-01
-3.093716111244981803e-01
9.334710080631090090e-01
-9.842843913398302558e-01
6.651688918159108788e-01
-3.073710867744923192e-01
3.798836435647923171e-01
-9.390870764305603302e-02
8.938449175149116854e-01
4.548577429199491817e-01
5.583978222841589067e-01
-7.504269827694765027e-01
-7.563069246264111367e-01
-5.760481105291750392e-01
1.401358475377594281e-01
-6.713880025501612892e-01
4.375649879764209604e-01
-5.348600913124521572e-01
-3.206169327815009962e-01
7.056560494546844087e-01
-7.052679629646994020e-01
-2.951152200610542842e-01
-5.985449569018636007e-01
-1.861540773396833381e-01
-6.361272636691035487e-01
-6.923016674249482527e-02
2.106705600007002799e-01
2.381901348557847742e-01
-4.042152294250367928e-01
-4.215268396593583322e-01
8.086910021894910816e-01
-5.602693749858255190e-01
2.349793848870471435e-01
1.544901662704352141e-01
7.487301761539884026e-01
-1.016957756907757027e-01
5.265625915512635036e-01
9.538061298662446896e-01
7.580642316097794264e-01
-7.318882715584491550e-01
5.609313302923470967e-01
-7.418646505747796827e-01
7.534975527011549268e-01
3.496730289884344423e-01
3.006835405127641359e-01
8.767019549950143542e-01
-7.948830618838129691e-01
2.447464919411113105e-01
-9.275000999085385445e-01
6.576564771675568188e-01
8.930469758368686506e-02
5.182275336131614285e-01
-4.110088236515840876e-02
6.609514487830425722e-03
5.934808387241562455e-01
-3.768957550549012492e-01
3.662027191623324907e-01
8.316478235000810404e-01
3.682275336724470938e-01
-1.176975063285377043e-01
-6.646702753049356094e-01
-8.121966652185625968e-01
9.129689541364827132e-01
6.408327203680764805e-01
4.467049894762433193e-01
3.156814104476011185e-01
7.286968431101095156e-01
-4.026405508591865967e-01
2.073957969201601914e-01
6.849276015246226201e-01
-8.769426833745374017e-01
-6.732485757523736236e-01
-1.099972131457938040e-01
-1.710059838416757572e-01
-9.360167239767280822e-02
6.903682162572111203e-01
9.689326014991379576e-01
8.463147665544790144e-02
4.905869732058074639e-01
3.958910583755415047e-03
6.492685356569571908e-01
-4.590396707689807787e-01
6.364992103302993254e-01
6.546480182718230623e-01
6.233333631215589588e-01
-5.859907163895998750e-01
9.515377339501531750e-01
2.930204243469518022e-01
-6.444468317028436699e-01
-6.747509156190125701e-01
4.591294194033896936e-01
-7.270990237092911368e-01
-8.580434311060787245e-01
-9.031445233263982741e-01
-4.217297922108980135e-01
-1.051019567328659310e-02
6.052454673878695512e-01
1.602915471636936484e-01
7.061379798807185804e-01
-8.442242030217849136e-01
2.361309155736855958e-01
-8.505620398643747304e-01
-1.362764482774290742e-01
6.485523305558797968e-01
4.310649388309739649e-01
-8.520228557103941558e-01
-6.541802461178514161e-01
-7.863055417691200422e-01
-5.792936253996019413e-01
-7.789227344099489692e-01
-8.391138112614924260e-01
-2.150359639398492506e-01
6.272538679385759597e-01
-8.592826351516853478e-01
5.561722807882255593e-01
-2.303016178346301013e-01
3.396766133843927005e-01
-3.291505726421661837e-01
3.586530888827774710e-01
5.227387295489267505e-01
-1.614008384005458652e-01
-1.527693263428797632e-01
-8.048862379764130104e-01
-4.779430187199215641e-01
1.835391947813711511e-01
2.156694583967803669e-01
3.609601052898352425e-01
-2.394659872988444960e-01
1.267039360430952666e-01
-2.499046124037928029e-01
-6.433100302751488808e-01
5.985507305059069028e-01
3.149636814081433478e-01
7.565206330275175972e-01
7.621225732896024230e-01
-3.723046639151306181e-01
-4.429655033235233019e-01
7.509991118810981359e-01
-8.688421326047583992e-01
2.272629641476672235e-01
-1.804802313061287800e-01
4.988825802071825688e-01
9.331731258324418299e-01
-1.967039957923379934e-01
-8.169942705407102768e-01
-6.464560544421142918e-01
4.226714411762615975e-01
3.768951965888615585e-01
7.857273014450649740e-01
7.163590768169119105e-01
-6.932306822642964050e-01
-4.436469487775449583e-01
-5.002547260272929286e-01
-7.837910570075097283e-01
2.417656476128038356e-01
-5.809634513589558846e-01
-2.365787650402415010e-01
7.062172421488390750e-01
6.224060824149215687e-01
3.947584797919474475e-01
9.040841001785737685e-01
-4.068503680669181555e-01
-3.184919188061792195e-01
-6.491111160958860093e-01
5.408777436015641538e-01
-6.041592394490671314e-01
6.556028872833817855e-01
-7.735729737859757815e-01
-2.073623710717991120e-01
2.947962044245426849e-01
-1.474753692170471253e-01
8.884529648186837436e-01
5.414604449521602803e-01
-3.154604778165870371e-02
2.936489955587091583e-01
-6.612920079585568045e-01
2.213940632466567804e-01
7.964353277442176582e-02
-3.460964592490223257e-01
2.687898331074873859e-01
7.091579191313841513e-01
-8.775013835169849230e-01
-8.573500446989559265e-01
7.331393329372708489e-01
4.845732363628996175e-01
6.376265249377510713e-02
1.062878125431210297e-01
-3.527264473330266048e-01
9.974887444185467356e-01
2.057872297443086307e-01
-4.828486110450957991e-02
1.372671510400014228e-02
8.972597259353538579e-01
6.145250746042756340e-01
-3.828114257051349889e-01
4.055185302097918942e-01
-4.658309310662589464e-02
2.883741017071050905e-01
1.542535165244001139e-01
-3.725228699416689437e-01
-8.821377709804978373e-02
-9.299869780156433396e-01
2.783507126661570741e-01
9.164826763371838325e-01
9.813300888501081953e-01
-1.691317763290436926e-01
-9.100623303716748325e-03
-8.517446222725308935e-01
-8.623651264063476596e-01
-8.509632486304253840e-01
2.721517961662471841e-01
5.399623665377117909e-01
5.964813260767465319e-01
-8.564163549336571979e-01
-7.328702789676412310e-01
-4.075755617435405931e-02
2.740555345644248852e-01
1.272977401918630735e-01
-4.347965392229802273e-01
-1.658536095416964784e-01
3.059061231134725389e-01
8.330319837383726167e-01
2.270191655892563887e-01
-3.418968188563690225e-01
-4.142525403416041363e-01
4.178025612991314031e-01
-2.617657696847355275e-01
5.256991830961721401e-01
7.226637983030372858e-01
-8.909608931965062872e-02
8.311567819867509144e-01
3.523705267303434141e-01
-2.383383358110704175e-01
-3.352259331155209576e-01
1.405219238666832737e-02
5.837423861497932354e-01
3.540661481620686057e-01
-8.281680748453850160e-01
5.181497648188464478e-01
4.963683986658946612e-01
5.771237607181023410e-01
-1.677197033848767393e-01
-4.791540622075618483e-01
-5.838855913847347257e-01
-7.083095753366606129e-01
-1.854226759681100178e-01
-2.128234874529435494e-01
1.214254716121789812e-01
-3.957492900282146842e-01
6.613632829870672580e-01
-6.248679986567411415e-01
4.709644932416039431e-01
8.321400957946665233e-01
1.896559411547463214e-01
-6.024737760692497890e-01
-5.310864854685827252e-01
-5.617192160156010416e-01
