-2.127229745197214417e-01
-1.370582283456474038e-01
5.694566764510805568e-02
3.459860049740118848e-01
-6.862691866673814589e-01
3.788600331143266997e-01
6.723526513531086213e-01
-4.762827653333442379e-01
6.509178581808293673e-01
1.990565578681749992e-01
4.776196962146987413e-01
5.272103476803535749e-01
-8.831975147687631811e-02
-4.968204498917125900e-01
9.011841580981815314e-01
-1.605807557641892036e-01
3.255698144135256156e-01
-4.661022267693583077e-01
-3.820312300835648767e-01
6.852561852193124192e-01
-6.466521267217277824e-01
-5.547136173609282794e-01
-7.413455329137347283e-01
9.582735283282748373e-01
-8.057076044167925666e-01
4.294540447143991302e-01
-5.168687618713103671e-01
-8.724213160114369092e-02
-6.156652570011309500e-01
3.032313321235425851e-01
-7.296869043506126751e-03
4.523724746022647625e-01
-5.866387887301575121e-01
-2.954448769052331336e-02
1.371013612053908481e-01
-4.461307019348311753e-01
3.025760593889079697e-01
2.212849410873342082e-01
-1.278500565197202565e-01
5.108530180207436766e-01
-6.402801466627259241e-01
4.118812906663669171e-01
1.360141002820205447e-01
9.091204042133229635e-01
-4.991942937238152411e-01
-5.287694140620751160e-01
3.197875642529297013e-01
-2.266758724038626660e-01
2.065809732661997855e-01
-5.879921360510037553e-01
-6.999411839747415875e-01
-1.362703602828969351e-01
5.275170868351867215e-01
1.518517957620516001e-01
-3.865999293800106429e-01
7.914538631361436316e-01
-4.075402467436534115e-01
-7.425085220005667175e-01
-2.859419199103405695e-01
2.152705627229574148e-01
4.610076862497906047e-01
-3.880352830466986536e-01
-4.318027935852261079e-01
-4.771571997579661661e-01
-4.751381318423360534e-01
8.705979384099663543e-01
8.293992551812245928e-02
3.696792040082901298e-01
1.067786654356726039e-01
-4.148721481481203455e-01
-5.571153072994711186e-02
3.267184201351418515e-01
1.194436012939168457e-01
1.384126413526040045e-01
-2.790733363711981885e-01
1.289429608846689446e-01
-2.142274694492249387e-01
-2.716677147950545823e-01
-6.227344521559885493e-01
1.109804197193480224e-01
-2.060353170362245745e-01
-8.517988272262533300e-01
4.579805596855070493e-01
4.819075887247531442e-01
7.855457581096437769e-01
6.184941321694770178e-02
-1.296840714849458731e-01
-5.270797009730271432e-01
-6.539826691280790083e-01
-7.368772385613726605e-01
-1.866330355531338192e-01
3.807662298216354935e-01
7.511718071571056310e-01
-4.037136750959907094e-01
2.720946328426679939e-01
5.172643402637213672e-01
9.779389364660717732e-02
6.118723509567446373e-01
3.773088153785852938e-03
3.343099525952412110e-01
8.038398746817857488e-01
-7.560080410731893075e-01
-9.954357411512864129e-01
-9.526086761427166039e-02
4.613715344988502665e-01
-4.201483371843638404e-01
6.374343239436677244e-01
6.071839955953151069e-02
-5.610894334475726719e-01
-3.084913967959417302e-01
-8.658745408753762973e-01
2.162866097423674916e-01
-2.001976982801114691e-01
-2.425202277645231441e-01
7.018898960672026455e-01
4.350843053608868249e-01
-1.792020089266217475e-01
-6.311758315784448126e-01
-9.888254701038546868e-01
-4.727809375850089424e-01
5.336533905606735129e-01
-2.871565069973114337e-01
4.148485095287188784e-01
-5.707165088547134779e-01
-1.285254003812248413e-01
8.036176238960857088e-02
6.942777672403840361e-01
3.821452498284769184e-02
6.769799215870682119e-01
-8.786147224959753865e-01
2.222739142841894111e-01
4.611903510735061440e-01
-6.028302083580271420e-01
6.669585913431952395e-01
-4.017428613124214287e-01
4.327788817486749595e-02
-3.803550493912496999e-01
-1.236544612781254049e-01
-4.078805695817665500e-01
4.220481069453649314e-01
-1.701060522193256208e-01
-7.240523319972627103e-01
1.692535269809719023e-01
7.333862690680702512e-01
-7.218062337277593166e-01
-5.691620387849187779e-01
-3.343127413768792189e-01
-3.921558947761666358e-01
-6.334856379811699689e-01
-4.479869378174918260e-01
8.411666504703090297e-01
-1.702698045967488971e-01
5.064334552274494250e-01
-9.763175705773980972e-01
2.287508032156294613e-01
3.090075018586738720e-01
4.732267347925194767e-01
-7.063819563637874221e-01
-4.457004562318565011e-01
1.734255955875598221e-01
-1.318283570630297274e-01
4.096117015842240527e-01
6.221528787757499845e-01
2.679278059376717369e-01
3.955112899643953295e-02
-4.187400655834840890e-01
-7.327676066049724213e-01
-5.114802453866054144e-01
7.837378155531400381e-01
-5.066110964061560917e-01
9.646078986683194190e-01
-2.246428319625727865e-01
-2.874007702205626513e-01
-7.628220738094222408e-01
7.481788203520172154e-01
-5.474808901473519063e-01
6.305481813342734831e-01
-2.892910535582871034e-02
8.720434540354587982e-01
-3.737093007574836534e-01
1.625543523989340655e-01
6.253246568049837251e-01
6.336028941630045264e-01
-6.175502684756724037e-01
-3.290324321520099460e-01
-2.478775765397724373e-01
6.620859629943600666e-01
-9.243356344877029507e-01
-3.172313269611667375e-01
6.524101787328423496e-02
8.805747543174798908e-01
-8.386871426723230272e-03
-8.754347332352101496e-01
9.017343863798621406e-01
-6.322016969987147572e-01
-8.086484650705821897e-01
-7.761680950949625402e-01
-3.216866296547696291e-01
4.415344052104591133e-01
3.898982674154962691e-01
4.688024662680340127e-03
-7.105853430939162996e-01
-3.930287077999221612e-01
-9.475981066175040990e-01
7.770956515696364475e-01
-6.149985193446075860e-01
-8.572793497460465817e-01
-2.859134088216861436e-01
-1.725544331260948638e-01
9.182578310319575721e-01
-3.210138828655954568e-01
4.955886745519124115e-01
-3.823790570171472503e-01
-5.141115288655451199e-02
6.554790791390961990e-01
-4.786829477337939398e-01
2.923530433150382524e-01
-6.628325388370197579e-01
-2.188553548484600819e-01
6.269803376874859557e-01
-9.010828299158830657e-01
-1.983316675132419382e-01
-4.156356272009928410e-02
6.424506620141681168e-01
3.170369434399117892e-01
-4.914901672324790693e-01
-3.369208329627483844e-01
3.013908143127448369e-01
-2.528045871545668288e-01
5.190275647362037059e-01
-4.683954577261392194e-01
4.300838292266265794e-01
1.303585823820762601e-01
6.709846100859298001e-01
7.458455882781421797e-01
-8.737871512957853248e-01
-4.173569630255916652e-01
6.521900423883861819e-01
-8.020661471722927427e-01
-5.968170186632988372e-01
-6.517238859811638196e-01
5.063841321845324872e-02
-6.257495500310739089e-01
-3.051380948541559945e-01
-2.919141571112628397e-01
-3.663871553146763604e-01
-6.194187425602637465e-01
6.923844178989022602e-01
5.978821821903210765e-01
3.688348583778588985e-01
6.286768537066546036e-01
-4.213373372502352554e-01
8.200509502501884818e-02
1.619113498397425355e-01
5.854964653647796169e-01
7.444869094054118452e-02
-8.656708892216669060e-01
6.482768294672717202e-01
9.062636417737761629e-01
-7.654062747442569314e-01
-1.336236486091890718e-01
-5.762611670392625562e-02
2.181371741055912472e-01
-2.507816184092491740e-01
9.247973943436720301e-01
