2.158966879427188235e-01
5.694946862822334310e-01
-7.022454187787363633e-01
2.088379017745558563e-01
-4.681057891613068511e-01
-8.321503379457700911e-01
-4.403516102663163068e-01
3.635496980679426282e-01
-8.994739562830796897e-01
-1.241426460098640217e-01
-2.102045574528447203e-01
1.873500135665799871e-01
-4.542317279563172772e-01
7.872400717586323093e-01
6.291142030614416125e-01
9.646491275223085804e-01
4.453177010977436012e-01
-7.863367533872211990e-01
-3.831889186312342765e-01
8.999479304693264181e-01
9.036444164865271578e-01
-8.153438575732474547e-01
-2.721094005027366869e-01
-9.938915570141749756e-01
7.962720101178965004e-01
9.183050147568985189e-01
3.328460977920897346e-01
3.370910434943472644e-01
-5.520569662776979580e-01
-2.533793901994858544e-01
-9.487346846219404384e-01
5.155026323130803556e-01
-7.504057780251820464e-01
-6.769485898330682705e-01
-5.059031252939372170e-01
4.655368097382266424e-01
-5.316388411517032342e-01
-6.154180838313716428e-02
7.185089349455981989e-01
-8.079385972987718212e-02
-6.370397218552394936e-01
-2.175760202281989963e-01
-8.167354818522309934e-01
5.681566033606885169e-01
9.929027282382747455e-01
-2.421995477997735957e-01
-5.506020586747436552e-01
9.157733764702746804e-01
-9.270656832908783507e-01
8.148692721445864873e-01
-3.009537417874508236e-02
-5.867372366249612448e-02
4.695279148967906879e-01
2.773130358502966519e-01
-2.488109171186365653e-01
-6.268055684022795226e-01
-1.884766520294169911e-01
-1.956350506973458803e-03
4.900708091486170037e-01
4.698146915342886754e-01
-6.107415320240828782e-01
-6.131975423952384929e-01
-5.897013741429337763e-01
-5.232589795507880392e-01
-3.422103733707650974e-01
-4.113694800089733317e-01
-5.855116727160565304e-01
-7.147790808240777061e-01
9.572353326719663658e-01
-1.515985700345304221e-02
-2.882248732200503039e-01
8.262720907923326585e-02
7.836429076752272627e-01
-2.854600394845740463e-01
-7.399905354670632818e-02
-1.102792344997947094e-01
-2.494046553403157507e-01
-7.004736192704097419e-02
4.932477302604203473e-01
3.641683234229892707e-01
-2.179975227077412536e-01
3.477074482161448543e-01
6.083010953372290919e-01
-3.957026797556826292e-01
-2.071632009155949805e-01
9.238568386484550254e-01
1.956453871840670988e-01
-5.501969607433860876e-01
-6.398335257694720557e-02
-6.698232078744108531e-01
-5.036974506115996508e-01
-8.098539894765834912e-01
-7.982882172470935345e-01
8.664465047941960485e-02
-2.363934560326191869e-01
-6.199431760291396198e-01
-1.184541373186931423e-01
4.048430241752670744e-01
9.523897411165104243e-01
-8.076807840809591132e-01
1.397929297466196097e-01
-3.330343737479377619e-01
-1.903937903531975895e-01
-8.403760685178094381e-01
-7.586882543406883173e-01
7.048889311162525040e-01
5.344587847814880055e-01
9.611510732895156561e-01
-1.931250316749180129e-01
6.920688260753642407e-01
7.819033951405007787e-02
1.822785278044134483e-01
5.567679624654846560e-01
8.566598193903200986e-01
3.763031111167809417e-01
-2.075145296485049196e-01
4.235813546239335370e-01
-7.845796188756213319e-01
-4.689670189063940287e-01
3.585308974737728693e-01
5.912918129242379361e-01
-6.320643761582334097e-01
4.926638043968291636e-01
-3.885861462917134523e-01
2.150920632283361833e-01
9.527820149235400882e-01
1.780731367719994296e-01
1.873931939384749779e-01
-7.517868085298258229e-01
-1.130915757009647304e-01
8.982512340051962418e-02
-1.094887632469543348e-01
-2.426121316938720796e-01
1.953407730907625872e-01
-7.517691879940942012e-01
-8.504988728876510251e-01
4.905037780052203811e-01
3.110224522202990061e-01
-3.776247668858732087e-01
-5.494665986349831499e-01
-9.570510501304368978e-01
-8.338742776353318398e-01
9.418713933169939878e-01
-2.369458005481671625e-01
4.716475936596640217e-01
7.957616252610255625e-01
9.426303489706389094e-01
-8.846464951016010936e-01
5.512096876037161364e-01
7.201148293552842583e-01
2.116705501584651983e-01
-6.063608540398274238e-01
2.721880967079520763e-02
1.445883002645755866e-01
-1.759882261032583717e-01
-2.544400607145069770e-01
9.526270961452528718e-01
6.443159547913607232e-02
3.043022611185173809e-01
-8.473686397380084667e-01
-9.150667748944631974e-01
-7.954812666950288325e-01
2.302670712433312339e-01
4.524071663900548490e-01
-7.314131281745004376e-01
8.421930603579992347e-01
3.995798423700673840e-01
-3.742465780797237240e-01
-2.467362557468730788e-01
3.809414924425564841e-01
4.099511220725016170e-02
-9.532289597418568405e-01
-8.171019389315395953e-01
9.325018743106516794e-02
-5.319272446058276316e-02
8.028045086090658256e-01
-1.310505051907731033e-01
9.855155427381001587e-01
-3.138030696191457247e-01
-2.245779519798474233e-01
-5.182554789695237307e-02
7.120360538072096901e-01
6.145289902697073092e-01
1.620347485670549093e-01
5.164980783912123119e-01
4.479800342985613137e-01
-4.391911363416267644e-01
2.836337847827352654e-01
5.528653255092377261e-01
-4.474892304074982174e-01
-5.682372753806481658e-01
5.917976473184727304e-01
-6.302180188757795509e-01
-1.258563928596001524e-01
3.868159968383182434e-01
-2.188945676374132177e-02
3.145530119163771898e-01
-2.451711614870809575e-01
-9.025707705711150108e-01
-2.281625924364967251e-01
-4.143398731462932805e-01
4.810808279334984339e-01
-9.005403439505665908e-02
-3.807637053542112238e-01
6.269405797578626593e-01
-3.982171636974581874e-01
-2.634598544006182541e-01
1.855658649894460499e-01
9.293500695302301384e-01
3.518172305533513455e-01
-4.520691170445592100e-01
9.428587516784217026e-01
6.985035120693878774e-01
6.029293976940990341e-01
8.106263518894789577e-01
-6.509100203880202606e-01
-4.948296971046839410e-02
8.755417653587014293e-01
3.587731527128479314e-02
2.669558753110246041e-01
-1.938079174573058561e-01
-8.065889540026076610e-01
-4.733475370702739937e-01
-6.180004181196880886e-01
-5.198617860778398381e-02
6.993416686895201906e-01
-8.928787661313930535e-02
-3.623989353799156321e-02
2.109970567612557968e-01
2.324771801993530396e-02
2.635870215045570397e-01
4.048921959005546967e-02
2.294845673991101065e-01
6.605368502148020182e-01
7.261015639425623114e-01
-9.264966550407169876e-01
4.487695320724505166e-01
1.427065702575542883e-01
9.100691577553681189e-01
1.905882478428455595e-01
-7.978839654484630728e-01
-4.592024216215566668e-01
3.019100210608343104e-01
-6.562641326995022339e-02
-9.028589619511543374e-01
8.281352130025008140e-01
2.692004698398201556e-01
-4.367132955511507930e-01
9.421154347707434429e-01
9.620787872928002749e-01
-7.865537473499819576e-01
-3.797900844103074824e-01
-2.171879280019375358e-01
8.223524158186510391e-01
-6.644373240771617173e-01
-2.957015121607193819e-01
-5.744591023978506961e-01
2.038095061916120887e-01
-4.209041075735853177e-02
8.596736760958578749e-01
1.170710634593565835e-01
-8.027387188111960725e-01
-2.702531752605445980e-01
1.545869857436457107e-01
6.603649045672499440e-02
